step_500_num_0,[ 0.   -1.    0.    0.25]
step_500_num_1,[ 0. -1.  0.  0.]
step_500_num_2,[ 0. -1.  0.  0.]
step_500_num_3,[0.   0.   0.25 0.  ]
step_500_num_4,[ 0. -1.  0.  0.]
step_1000_num_0,[0.25 0.25 0.   0.  ]
step_1000_num_1,[0.25 0.75 0.5  0.25]
step_1000_num_2,[0. 0. 0. 0.]
step_1000_num_3,[ 0. -1.  0.  0.]
step_1000_num_4,[0.5  0.25 0.25 0.  ]
step_1500_num_0,[-1.  -1.   0.5  0. ]
step_1500_num_1,[-1.   -1.    0.75  0.  ]
step_1500_num_2,[ 0.   -1.    0.    0.25]
step_1500_num_3,[ 0. -1.  0.  0.]
step_1500_num_4,[-1.  -1.   0.5  0. ]
step_2000_num_0,[0.25 0.5  0.   0.25]
step_2000_num_1,[0.75 0.5  0.25 0.  ]
step_2000_num_2,[-1.  -1.   0.5  0. ]
step_2000_num_3,[ 0. -1.  0.  0.]
step_2000_num_4,[0. 0. 0. 0.]
step_2500_num_0,[-1.  -1.   0.5  0. ]
step_2500_num_1,[0.5 0.  0.  0. ]
step_2500_num_2,[ 0.   -1.    0.75  0.  ]
step_2500_num_3,[-1.   -1.    0.25  0.  ]
step_2500_num_4,[-1.  -1.   0.5  0. ]
step_3000_num_0,[0.75 0.25 0.   0.25]
step_3000_num_1,[-1. -1.  0.  0.]
step_3000_num_2,[0.5 0.5 0.  0. ]
step_3000_num_3,[ 0.   -1.    0.25  0.  ]
step_3000_num_4,[ 0. -1.  0.  0.]
step_3500_num_0,[0.25 0.5  0.25 0.  ]
step_3500_num_1,[0.25 0.5  0.5  0.  ]
step_3500_num_2,[ 0. -1.  0.  0.]
step_3500_num_3,[0.25 0.   0.   0.  ]
step_3500_num_4,[ 0. -1.  0.  0.]
step_4000_num_0,[0.5  0.5  0.25 0.  ]
step_4000_num_1,[ 0.   -1.    0.    0.75]
step_4000_num_2,[ 0. -1.  0.  0.]
step_4000_num_3,[ 0.5 -1.   0.   0. ]
step_4000_num_4,[0. 0. 0. 0.]
step_4500_num_0,[ 0.   -1.    0.25  0.25]
step_4500_num_1,[0.   0.   0.25 0.  ]
step_4500_num_2,[0.25 0.   0.5  0.25]
step_4500_num_3,[ 0. -1.  0.  0.]
step_4500_num_4,[0. 0. 0. 0.]
step_5000_num_0,[ 0.25 -1.    0.    0.  ]
step_5000_num_1,[ 0.   -1.    0.25  0.  ]
step_5000_num_2,[0. 0. 0. 0.]
step_5000_num_3,[ 0. -1.  0.  0.]
step_5000_num_4,[ 0. -1.  0.  0.]
step_5500_num_0,[ 0. -1.  0.  0.]
step_5500_num_1,[ 0. -1.  0.  0.]
step_5500_num_2,[ 0. -1.  0.  0.]
step_5500_num_3,[-1.  -1.   0.5  0. ]
step_5500_num_4,[ 0.   -1.    0.25  0.  ]
step_6000_num_0,[-1.  -1.   0.5  0. ]
step_6000_num_1,[ 0.  -1.   0.5  0. ]
step_6000_num_2,[0.   0.   0.25 0.  ]
step_6000_num_3,[0.  0.  0.5 0. ]
step_6000_num_4,[ 0. -1.  0.  0.]
step_6500_num_0,[0.75 0.25 0.   0.25]
step_6500_num_1,[ 0.5 -1.   0.   0. ]
step_6500_num_2,[-1.  -1.   0.5  0. ]
step_6500_num_3,[0.5  0.25 0.   0.  ]
step_6500_num_4,[ 0. -1.  0.  0.]
step_7000_num_0,[0.5  0.25 0.25 0.  ]
step_7000_num_1,[ 0. -1.  0.  0.]
step_7000_num_2,[ 0. -1.  0.  0.]
step_7000_num_3,[ 0. -1.  0.  0.]
step_7000_num_4,[ 0. -1.  0.  0.]
step_7500_num_0,[0.25 0.   0.   0.  ]
step_7500_num_1,[-1.   -1.    0.    0.25]
step_7500_num_2,[ 0. -1.  0.  0.]
step_7500_num_3,[ 0. -1.  0.  0.]
step_7500_num_4,[ 0.   -1.    0.75  0.25]
step_8000_num_0,[-1.   -1.    0.25  0.  ]
step_8000_num_1,[0.5  0.   0.25 0.  ]
step_8000_num_2,[ 0.   -1.    0.    0.25]
step_8000_num_3,[-1. -1.  0.  0.]
step_8000_num_4,[ 0. -1.  0.  0.]
step_8500_num_0,[-1.   -1.    0.25  0.  ]
step_8500_num_1,[ 0. -1.  0.  0.]
step_8500_num_2,[0. 0. 0. 0.]
step_8500_num_3,[-1.  -1.   0.5  0. ]
step_8500_num_4,[-1.  -1.   0.5  0. ]
step_9000_num_0,[-1.   -1.    0.25  0.  ]
step_9000_num_1,[ 0. -1.  0.  0.]
step_9000_num_2,[0.5  0.   0.25 0.  ]
step_9000_num_3,[ 0. -1.  0.  0.]
step_9000_num_4,[0.25 0.   0.   0.  ]
step_9500_num_0,[0.5  0.25 0.   0.  ]
step_9500_num_1,[0.25 0.25 0.   0.  ]
step_9500_num_2,[0.5  0.   0.25 0.  ]
step_9500_num_3,[ 0. -1.  0.  0.]
step_9500_num_4,[ 0. -1.  0.  0.]
step_10000_num_0,[ 0. -1.  0.  0.]
step_10000_num_1,[-1. -1.  0.  0.]
step_10000_num_2,[ 0.   -1.    0.25  0.  ]
step_10000_num_3,[ 0.   -1.    0.75  0.  ]
step_10000_num_4,[ 0.25 -1.    0.5   0.  ]
step_10500_num_0,[0.5 0.  0.  0. ]
step_10500_num_1,[ 0.25 -1.    0.    0.  ]
step_10500_num_2,[0.75 0.5  0.   0.  ]
step_10500_num_3,[ 0. -1.  0.  0.]
step_10500_num_4,[ 0. -1.  0.  0.]
step_11000_num_0,[ 0. -1.  0.  0.]
step_11000_num_1,[ 0. -1.  0.  0.]
step_11000_num_2,[-1. -1.  0.  0.]
step_11000_num_3,[-1.   -1.    0.25  0.  ]
step_11000_num_4,[ 0. -1.  0.  0.]
step_11500_num_0,[0.  0.  0.5 0. ]
step_11500_num_1,[0.25 0.25 0.75 0.  ]
step_11500_num_2,[0.5  0.25 0.   0.25]
step_11500_num_3,[0.5  0.5  0.25 0.  ]
step_11500_num_4,[ 0. -1.  0.  0.]
step_12000_num_0,[0.5 0.  0.  0. ]
step_12000_num_1,[0.   0.   0.25 0.  ]
step_12000_num_2,[0.5  0.5  0.25 0.  ]
step_12000_num_3,[ 0. -1.  0.  0.]
step_12000_num_4,[-1.   -1.    0.25  0.  ]
step_12500_num_0,[0.25 0.5  0.25 0.  ]
step_12500_num_1,[ 0. -1.  0.  0.]
step_12500_num_2,[ 0. -1.  0.  0.]
step_12500_num_3,[ 0. -1.  0.  0.]
step_12500_num_4,[0.25 0.5  0.25 0.  ]
step_13000_num_0,[0.25 0.5  0.25 0.  ]
step_13000_num_1,[0.  0.  0.5 0. ]
step_13000_num_2,[ 0.   -1.    0.75  0.25]
step_13000_num_3,[0.   0.75 0.   0.  ]
step_13000_num_4,[ 0. -1.  0.  0.]
step_13500_num_0,[0.5  0.25 0.25 0.  ]
step_13500_num_1,[0.5  0.5  0.25 0.  ]
step_13500_num_2,[-1. -1.  0.  0.]
step_13500_num_3,[ 0. -1.  0.  0.]
step_13500_num_4,[0.5 0.  0.  0. ]
step_14000_num_0,[0.25 0.   0.25 0.  ]
step_14000_num_1,[0.25 0.25 0.25 0.  ]
step_14000_num_2,[0.5  0.75 0.25 0.  ]
step_14000_num_3,[0. 0. 0. 0.]
step_14000_num_4,[0.   0.25 0.   0.  ]
step_14500_num_0,[ 0.   -1.    0.25  0.  ]
step_14500_num_1,[0.25 0.   0.   0.  ]
step_14500_num_2,[ 0. -1.  0.  0.]
step_14500_num_3,[ 0. -1.  0.  0.]
step_14500_num_4,[-1.  -1.   0.5  0. ]
step_15000_num_0,[-1.  -1.   0.5  0. ]
step_15000_num_1,[-1. -1.  0.  0.]
step_15000_num_2,[0.25 0.25 0.25 0.  ]
step_15000_num_3,[ 0. -1.  0.  0.]
step_15000_num_4,[0.   0.75 0.   0.  ]
step_15500_num_0,[0.25 0.5  0.   0.  ]
step_15500_num_1,[ 0.   -1.    0.    0.25]
step_15500_num_2,[ 0. -1.  0.  0.]
step_15500_num_3,[-1. -1.  0.  0.]
step_15500_num_4,[-1.  -1.   0.5  0. ]
step_16000_num_0,[0.25 0.   0.   0.  ]
step_16000_num_1,[ 0. -1.  0.  0.]
step_16000_num_2,[0.5  0.25 0.   0.  ]
step_16000_num_3,[0.   0.25 0.   0.  ]
step_16000_num_4,[0.   0.75 0.   0.  ]
step_16500_num_0,[0.25 0.25 0.   0.  ]
step_16500_num_1,[0.25 0.5  0.   0.25]
step_16500_num_2,[0.  0.5 0.5 0. ]
step_16500_num_3,[0.25 0.   0.   0.  ]
step_16500_num_4,[ 0.   -1.    0.75  0.  ]
step_17000_num_0,[0.25 0.25 0.5  0.25]
step_17000_num_1,[0.   0.   0.25 0.25]
step_17000_num_2,[ 0. -1.  0.  0.]
step_17000_num_3,[0.5  0.25 0.   0.  ]
step_17000_num_4,[ 0.25 -1.    0.    0.  ]
step_17500_num_0,[0.25 0.5  0.25 0.  ]
step_17500_num_1,[ 0. -1.  0.  0.]
step_17500_num_2,[0.   0.   0.25 0.  ]
step_17500_num_3,[0.5 0.  0.  0. ]
step_17500_num_4,[0.   0.   0.25 0.25]
step_18000_num_0,[ 0.   -1.    0.    0.25]
step_18000_num_1,[0.5  0.25 0.   0.  ]
step_18000_num_2,[ 0. -1.  0.  0.]
step_18000_num_3,[ 0.   -1.    0.75  0.25]
step_18000_num_4,[0.25 0.5  0.25 0.  ]
step_18500_num_0,[0. 0. 0. 0.]
step_18500_num_1,[0.5  0.25 0.   0.  ]
step_18500_num_2,[-1. -1.  0.  0.]
step_18500_num_3,[ 0. -1.  0.  0.]
step_18500_num_4,[ 0.25 -1.    0.5   0.  ]
step_19000_num_0,[0.75 0.5  0.25 0.  ]
step_19000_num_1,[0.5 0.5 0.  0. ]
step_19000_num_2,[0.75 0.25 0.   0.  ]
step_19000_num_3,[0.   0.25 0.   0.  ]
step_19000_num_4,[ 0.  -1.   0.5  0. ]
step_19500_num_0,[0. 0. 0. 0.]
step_19500_num_1,[ 0. -1.  0.  0.]
step_19500_num_2,[ 0.   -1.    0.    0.25]
step_19500_num_3,[-1.   -1.    0.25  0.  ]
step_19500_num_4,[ 0.5 -1.   0.5  0. ]
step_20000_num_0,[ 0.25 -1.    0.75  0.25]
step_20000_num_1,[ 0. -1.  0.  0.]
step_20000_num_2,[-1.  -1.   0.5  0. ]
step_20000_num_3,[ 0.   -1.    0.75  0.  ]
step_20000_num_4,[0.25 0.75 0.5  0.  ]
step_20500_num_0,[0.75 0.5  0.25 0.  ]
step_20500_num_1,[ 0.   -1.    0.    0.25]
step_20500_num_2,[ 0. -1.  0.  0.]
step_20500_num_3,[ 0.   -1.    0.    0.25]
step_20500_num_4,[ 0. -1.  0.  0.]
step_21000_num_0,[ 0. -1.  0.  0.]
step_21000_num_1,[0.25 0.25 0.   0.25]
step_21000_num_2,[ 0. -1.  0.  0.]
step_21000_num_3,[ 0.   -1.    0.25  0.  ]
step_21000_num_4,[0.25 0.5  0.25 0.  ]
step_21500_num_0,[0.5  0.25 0.   0.  ]
step_21500_num_1,[0. 0. 0. 0.]
step_21500_num_2,[0.75 0.25 0.   0.25]
step_21500_num_3,[0.25 0.   0.5  0.25]
step_21500_num_4,[1.  0.5 0.  0. ]
step_22000_num_0,[-1.  -1.   0.5  0. ]
step_22000_num_1,[-1. -1.  0.  0.]
step_22000_num_2,[ 0. -1.  0.  0.]
step_22000_num_3,[ 0. -1.  0.  0.]
step_22000_num_4,[ 0. -1.  0.  0.]
step_22500_num_0,[ 0. -1.  0.  0.]
step_22500_num_1,[ 0. -1.  0.  0.]
step_22500_num_2,[0.5  0.25 0.   0.  ]
step_22500_num_3,[-1.   -1.    0.25  0.  ]
step_22500_num_4,[0. 0. 0. 0.]
step_23000_num_0,[ 0. -1.  0.  0.]
step_23000_num_1,[ 0. -1.  0.  0.]
step_23000_num_2,[0.5  0.25 0.25 0.  ]
step_23000_num_3,[0.75 0.5  0.25 0.  ]
step_23000_num_4,[0.5  0.25 0.25 0.  ]
step_23500_num_0,[ 0.5 -1.   0.5  0. ]
step_23500_num_1,[ 0. -1.  0.  0.]
step_23500_num_2,[ 0.   -1.    0.    0.25]
step_23500_num_3,[0.  0.5 0.  0. ]
step_23500_num_4,[ 0. -1.  0.  0.]
step_24000_num_0,[0. 0. 0. 0.]
step_24000_num_1,[0.5 0.5 0.  0. ]
step_24000_num_2,[ 0. -1.  0.  0.]
step_24000_num_3,[0.25 0.25 0.   0.  ]
step_24000_num_4,[0.5  0.25 0.   0.  ]
step_24500_num_0,[0.5  0.   0.25 0.  ]
step_24500_num_1,[ 0. -1.  0.  0.]
step_24500_num_2,[-1.   -1.    0.75  0.  ]
step_24500_num_3,[0.5  0.5  0.25 0.  ]
step_24500_num_4,[0.25 0.25 0.   0.  ]
step_25000_num_0,[ 0. -1.  0.  0.]
step_25000_num_1,[ 0. -1.  0.  0.]
step_25000_num_2,[ 0. -1.  0.  0.]
step_25000_num_3,[0.25 0.25 0.   0.  ]
step_25000_num_4,[ 0. -1.  0.  0.]
step_25500_num_0,[0.  0.5 0.  0. ]
step_25500_num_1,[ 0. -1.  0.  0.]
step_25500_num_2,[ 0.   -1.    0.    0.25]
step_25500_num_3,[ 0.   -1.    0.75  0.25]
step_25500_num_4,[ 0.   -1.    0.75  0.  ]
step_26000_num_0,[ 0. -1.  0.  0.]
step_26000_num_1,[0.25 0.5  0.   0.25]
step_26000_num_2,[-1. -1.  0.  0.]
step_26000_num_3,[ 0. -1.  0.  0.]
step_26000_num_4,[0.5  0.5  0.25 0.  ]
step_26500_num_0,[ 0. -1.  0.  0.]
step_26500_num_1,[-1. -1.  0.  0.]
step_26500_num_2,[-1. -1.  0.  0.]
step_26500_num_3,[ 0. -1.  0.  0.]
step_26500_num_4,[ 0.   -1.    0.25  0.25]
step_27000_num_0,[ 0. -1.  0.  0.]
step_27000_num_1,[-1. -1.  0.  0.]
step_27000_num_2,[-1.   -1.    0.25  0.  ]
step_27000_num_3,[ 0. -1.  0.  0.]
step_27000_num_4,[ 0.5  -1.    0.25  0.  ]
step_27500_num_0,[ 0.  -1.   0.5  0. ]
step_27500_num_1,[ 0.25 -1.    0.    0.25]
step_27500_num_2,[ 0. -1.  0.  0.]
step_27500_num_3,[ 0.   -1.    0.    0.25]
step_27500_num_4,[0.25 0.   0.   0.  ]
step_28000_num_0,[ 0. -1.  0.  0.]
step_28000_num_1,[0.5  0.25 0.   0.  ]
step_28000_num_2,[ 0. -1.  0.  0.]
step_28000_num_3,[-1. -1.  0.  0.]
step_28000_num_4,[-1.   -1.    0.25  0.  ]
step_28500_num_0,[0.5  0.   0.25 0.  ]
step_28500_num_1,[0.25 0.   0.   0.  ]
step_28500_num_2,[0.25 0.25 0.25 0.  ]
step_28500_num_3,[ 0. -1.  0.  0.]
step_28500_num_4,[0.5  0.   0.25 0.  ]
step_29000_num_0,[ 0. -1.  0.  0.]
step_29000_num_1,[0.5  0.25 0.25 0.  ]
step_29000_num_2,[0.75 0.5  0.   0.  ]
step_29000_num_3,[ 0.   -1.    0.25  0.  ]
step_29000_num_4,[ 0.   -1.    0.75  0.  ]
step_29500_num_0,[-1. -1.  0.  0.]
step_29500_num_1,[0.5  0.25 0.25 0.  ]
step_29500_num_2,[0.5  0.25 0.25 0.  ]
step_29500_num_3,[0. 0. 0. 0.]
step_29500_num_4,[-1.   -1.    0.25  0.  ]
step_30000_num_0,[0.   0.   0.25 0.  ]
step_30000_num_1,[ 0. -1.  0.  0.]
step_30000_num_2,[0.25 0.5  0.25 0.  ]
step_30000_num_3,[0.5  0.25 0.   0.  ]
step_30000_num_4,[ 0.   -1.    0.    0.25]
step_30500_num_0,[ 0. -1.  0.  0.]
step_30500_num_1,[0.   0.25 0.   0.  ]
step_30500_num_2,[0.25 0.25 0.   0.  ]
step_30500_num_3,[-1.   -1.    0.25  0.  ]
step_30500_num_4,[ 0. -1.  0.  0.]
step_31000_num_0,[ 0. -1.  0.  0.]
step_31000_num_1,[ 0.   -1.    0.    0.25]
step_31000_num_2,[ 0. -1.  0.  0.]
step_31000_num_3,[0.5 0.  0.  0. ]
step_31000_num_4,[0.25 0.25 0.   0.  ]
step_31500_num_0,[ 0.   -1.    0.    0.25]
step_31500_num_1,[ 0. -1.  0.  0.]
step_31500_num_2,[ 0. -1.  0.  0.]
step_31500_num_3,[ 0.   -1.    0.    0.25]
step_31500_num_4,[0.   0.75 0.   0.  ]
step_32000_num_0,[0.75 0.25 0.   0.25]
step_32000_num_1,[ 0.   -1.    0.25  0.  ]
step_32000_num_2,[0.25 0.   0.5  0.  ]
step_32000_num_3,[0.5  0.5  0.25 0.  ]
step_32000_num_4,[0. 0. 0. 0.]
step_32500_num_0,[0.25 0.   0.   0.  ]
step_32500_num_1,[-1.  -1.   0.5  0. ]
step_32500_num_2,[-1.   -1.    0.75  0.  ]
step_32500_num_3,[0.25 0.25 0.   0.  ]
step_32500_num_4,[0.25 0.5  0.   0.  ]
step_33000_num_0,[-1.   -1.    0.25  0.  ]
step_33000_num_1,[ 0. -1.  0.  0.]
step_33000_num_2,[0.5  0.5  0.25 0.  ]
step_33000_num_3,[0.5  0.25 0.   0.  ]
step_33000_num_4,[ 0. -1.  0.  0.]
step_33500_num_0,[0.5 0.  0.  0. ]
step_33500_num_1,[0.25 0.25 0.   0.  ]
step_33500_num_2,[0.5  0.25 0.25 0.  ]
step_33500_num_3,[ 0. -1.  0.  0.]
step_33500_num_4,[ 0. -1.  0.  0.]
step_34000_num_0,[ 0.  -1.   0.5  0. ]
step_34000_num_1,[0.5  0.5  0.25 0.  ]
step_34000_num_2,[0.25 0.   0.   0.  ]
step_34000_num_3,[ 0.   -1.    0.75  0.  ]
step_34000_num_4,[0.   0.   0.25 0.25]
step_34500_num_0,[-1.   -1.    0.75  0.  ]
step_34500_num_1,[0.25 0.5  0.5  0.  ]
step_34500_num_2,[0.   0.25 0.   0.  ]
step_34500_num_3,[ 0. -1.  0.  0.]
step_34500_num_4,[0.5 0.5 0.  0. ]
step_35000_num_0,[-1. -1.  0.  0.]
step_35000_num_1,[ 0. -1.  0.  0.]
step_35000_num_2,[0.25 0.   0.   0.  ]
step_35000_num_3,[0.  0.5 0.  0. ]
step_35000_num_4,[ 0. -1.  0.  0.]
step_35500_num_0,[ 0. -1.  0.  0.]
step_35500_num_1,[-1. -1.  0.  0.]
step_35500_num_2,[ 0. -1.  0.  0.]
step_35500_num_3,[ 0. -1.  0.  0.]
step_35500_num_4,[0.25 0.   0.25 0.  ]
step_36000_num_0,[ 0.  -1.   0.5  0. ]
step_36000_num_1,[ 0. -1.  0.  0.]
step_36000_num_2,[0.25 0.5  0.   0.  ]
step_36000_num_3,[ 0. -1.  0.  0.]
step_36000_num_4,[0.5  0.25 0.25 0.  ]
step_36500_num_0,[0.25 0.25 0.25 0.  ]
step_36500_num_1,[0.75 0.25 0.   0.25]
step_36500_num_2,[-1.   -1.    0.75  0.  ]
step_36500_num_3,[0.25 0.25 0.   0.  ]
step_36500_num_4,[-1. -1.  0.  0.]
step_37000_num_0,[0.5  0.25 0.   0.  ]
step_37000_num_1,[0.  0.5 0.5 0. ]
step_37000_num_2,[ 0. -1.  0.  0.]
step_37000_num_3,[ 0.   -1.    0.    0.75]
step_37000_num_4,[ 0. -1.  0.  0.]
step_37500_num_0,[0.25 0.25 0.   0.  ]
step_37500_num_1,[-1. -1.  0.  0.]
step_37500_num_2,[0.75 0.25 0.   0.  ]
step_37500_num_3,[ 0. -1.  0.  0.]
step_37500_num_4,[0.25 0.25 0.25 0.25]
step_38000_num_0,[-1.  -1.   0.5  0. ]
step_38000_num_1,[0.75 0.5  0.   0.  ]
step_38000_num_2,[ 0.25 -1.    0.    0.  ]
step_38000_num_3,[ 0.   -1.    0.    0.25]
step_38000_num_4,[ 0.   -1.    0.25  0.  ]
step_38500_num_0,[0.   0.25 0.   0.  ]
step_38500_num_1,[ 0. -1.  0.  0.]
step_38500_num_2,[ 0. -1.  0.  0.]
step_38500_num_3,[ 0. -1.  0.  0.]
step_38500_num_4,[-1.  -1.   0.5  0. ]
step_39000_num_0,[0.75 0.5  0.25 0.  ]
step_39000_num_1,[ 0. -1.  0.  0.]
step_39000_num_2,[ 0. -1.  0.  0.]
step_39000_num_3,[ 0. -1.  0.  0.]
step_39000_num_4,[ 0. -1.  0.  0.]
step_39500_num_0,[0.25 0.5  0.   0.  ]
step_39500_num_1,[0.25 0.75 0.   0.  ]
step_39500_num_2,[ 0. -1.  0.  0.]
step_39500_num_3,[-1. -1.  0.  0.]
step_39500_num_4,[0.75 0.5  0.25 0.  ]
step_40000_num_0,[0.25 0.   0.   0.  ]
step_40000_num_1,[0.25 0.75 0.5  0.25]
step_40000_num_2,[0.25 0.25 0.   0.  ]
step_40000_num_3,[ 0. -1.  0.  0.]
step_40000_num_4,[0. 0. 0. 0.]
step_40500_num_0,[0.5  0.25 0.   0.  ]
step_40500_num_1,[0.5  0.25 0.25 0.  ]
step_40500_num_2,[-1. -1.  0.  0.]
step_40500_num_3,[ 0. -1.  0.  0.]
step_40500_num_4,[0.5  0.25 0.25 0.  ]
step_41000_num_0,[ 0. -1.  0.  0.]
step_41000_num_1,[0. 0. 0. 0.]
step_41000_num_2,[0.5  0.5  0.25 0.  ]
step_41000_num_3,[0.5  0.25 0.   0.  ]
step_41000_num_4,[ 0.   -1.    0.    0.25]
step_41500_num_0,[0.5  0.5  0.25 0.  ]
step_41500_num_1,[ 0.   -1.    0.    0.25]
step_41500_num_2,[0.   0.25 0.25 0.  ]
step_41500_num_3,[0.75 0.   0.   0.  ]
step_41500_num_4,[0.5  0.25 0.25 0.  ]
step_42000_num_0,[ 0.   -1.    0.25  0.  ]
step_42000_num_1,[ 0. -1.  0.  0.]
step_42000_num_2,[ 0. -1.  0.  0.]
step_42000_num_3,[0.25 0.   0.25 0.  ]
step_42000_num_4,[0.5  0.5  0.25 0.25]
step_42500_num_0,[ 0. -1.  0.  0.]
step_42500_num_1,[ 0. -1.  0.  0.]
step_42500_num_2,[0.5  0.   0.25 0.  ]
step_42500_num_3,[-1.  -1.   0.5  0. ]
step_42500_num_4,[ 0. -1.  0.  0.]
step_43000_num_0,[ 0. -1.  0.  0.]
step_43000_num_1,[ 0. -1.  0.  0.]
step_43000_num_2,[ 0. -1.  0.  0.]
step_43000_num_3,[ 0. -1.  0.  0.]
step_43000_num_4,[0.  0.5 0.  0. ]
step_43500_num_0,[0.5 0.  0.  0. ]
step_43500_num_1,[0.5  0.25 0.   0.  ]
step_43500_num_2,[0.  0.5 0.  0. ]
step_43500_num_3,[ 0. -1.  0.  0.]
step_43500_num_4,[0.25 0.   0.   0.  ]
step_44000_num_0,[-1.  -1.   0.5  0. ]
step_44000_num_1,[0.25 0.25 0.   0.  ]
step_44000_num_2,[0.5  0.5  0.25 0.  ]
step_44000_num_3,[ 0. -1.  0.  0.]
step_44000_num_4,[0.25 0.5  0.   0.25]
step_44500_num_0,[0.25 0.   0.5  0.  ]
step_44500_num_1,[ 0.25 -1.    0.75  0.25]
step_44500_num_2,[0.5  0.   0.25 0.  ]
step_44500_num_3,[0.5  0.25 0.   0.25]
step_44500_num_4,[0.25 0.5  0.25 0.  ]
step_45000_num_0,[ 0.   -1.    0.75  0.25]
step_45000_num_1,[ 0. -1.  0.  0.]
step_45000_num_2,[ 0. -1.  0.  0.]
step_45000_num_3,[0.5 0.  0.  0. ]
step_45000_num_4,[0.5 0.5 0.  0. ]
step_45500_num_0,[-1. -1.  0.  0.]
step_45500_num_1,[ 0. -1.  0.  0.]
step_45500_num_2,[-1.   -1.    0.25  0.  ]
step_45500_num_3,[ 0. -1.  0.  0.]
step_45500_num_4,[ 0. -1.  0.  0.]
step_46000_num_0,[ 0. -1.  0.  0.]
step_46000_num_1,[ 0. -1.  0.  0.]
step_46000_num_2,[ 0.   -1.    0.25  0.  ]
step_46000_num_3,[-1. -1.  0.  0.]
step_46000_num_4,[0.   0.   0.   0.25]
step_46500_num_0,[ 0.  -1.   0.5  0. ]
step_46500_num_1,[ 0. -1.  0.  0.]
step_46500_num_2,[ 0. -1.  0.  0.]
step_46500_num_3,[-1. -1.  0.  0.]
step_46500_num_4,[ 0.   -1.    0.    0.75]
step_47000_num_0,[-1.   -1.    0.25  0.  ]
step_47000_num_1,[0.5  0.25 0.   0.  ]
step_47000_num_2,[ 0. -1.  0.  0.]
step_47000_num_3,[0.25 0.   0.5  0.  ]
step_47000_num_4,[0.75 0.   0.   0.  ]
step_47500_num_0,[0.5  0.25 0.25 0.  ]
step_47500_num_1,[0.25 0.25 0.25 0.  ]
step_47500_num_2,[-1.   -1.    0.25  0.  ]
step_47500_num_3,[-1.   -1.    0.25  0.  ]
step_47500_num_4,[0.75 0.5  0.25 0.  ]
step_48000_num_0,[0.   0.25 0.   0.  ]
step_48000_num_1,[0.75 0.25 0.   0.  ]
step_48000_num_2,[-1.  -1.   0.5  0. ]
step_48000_num_3,[-1.  -1.   0.5  0. ]
step_48000_num_4,[ 0. -1.  0.  0.]
step_48500_num_0,[ 0. -1.  0.  0.]
step_48500_num_1,[0.  0.5 0.5 0. ]
step_48500_num_2,[ 0.  -1.   0.   0.5]
step_48500_num_3,[0.75 0.5  0.   0.  ]
step_48500_num_4,[0.5 0.  0.  0. ]
step_49000_num_0,[0.25 0.   0.   0.  ]
step_49000_num_1,[0.75 0.   0.   0.  ]
step_49000_num_2,[0.5  0.25 0.   0.  ]
step_49000_num_3,[0.25 0.25 0.25 0.  ]
step_49000_num_4,[0.25 0.   0.   0.  ]
step_49500_num_0,[0.75 0.25 0.   0.25]
step_49500_num_1,[-1.   -1.    0.25  0.  ]
step_49500_num_2,[ 0. -1.  0.  0.]
step_49500_num_3,[ 0. -1.  0.  0.]
step_49500_num_4,[ 0. -1.  0.  0.]
step_50000_num_0,[0.5  0.   0.25 0.  ]
step_50000_num_1,[ 0. -1.  0.  0.]
step_50000_num_2,[ 0. -1.  0.  0.]
step_50000_num_3,[0.5  0.5  0.25 0.  ]
step_50000_num_4,[0.25 0.   0.5  0.  ]
step_50500_num_0,[ 0.   -1.    0.    0.25]
step_50500_num_1,[ 0. -1.  0.  0.]
step_50500_num_2,[-1.   -1.    0.25  0.  ]
step_50500_num_3,[0.5 0.  0.  0. ]
step_50500_num_4,[0.5  0.25 0.   0.  ]
step_51000_num_0,[0.25 0.5  0.75 0.  ]
step_51000_num_1,[ 0. -1.  0.  0.]
step_51000_num_2,[0.5 0.  0.  0. ]
step_51000_num_3,[0.25 0.   0.25 0.  ]
step_51000_num_4,[0.25 0.5  0.5  0.  ]
step_51500_num_0,[0.5  0.25 0.   0.  ]
step_51500_num_1,[ 0. -1.  0.  0.]
step_51500_num_2,[ 0. -1.  0.  0.]
step_51500_num_3,[-1. -1.  0.  0.]
step_51500_num_4,[-1.  -1.   0.5  0. ]
step_52000_num_0,[0.5  0.5  0.25 0.  ]
step_52000_num_1,[0.  0.5 0.5 0. ]
step_52000_num_2,[ 0. -1.  0.  0.]
step_52000_num_3,[-1.   -1.    0.25  0.  ]
step_52000_num_4,[0.   0.75 0.   0.  ]
step_52500_num_0,[ 0. -1.  0.  0.]
step_52500_num_1,[ 0.   -1.    0.    0.25]
step_52500_num_2,[-1.  -1.   0.5  0. ]
step_52500_num_3,[ 0. -1.  0.  0.]
step_52500_num_4,[0.25 0.   0.   0.  ]
step_53000_num_0,[0.   0.25 0.   0.  ]
step_53000_num_1,[ 0. -1.  0.  0.]
step_53000_num_2,[-1.   -1.    0.75  0.  ]
step_53000_num_3,[0.   0.   0.25 0.  ]
step_53000_num_4,[-1. -1.  0.  0.]
step_53500_num_0,[1.  0.5 0.  0. ]
step_53500_num_1,[-1.   -1.    0.25  0.  ]
step_53500_num_2,[ 0.5 -1.   0.   0. ]
step_53500_num_3,[ 0. -1.  0.  0.]
step_53500_num_4,[-1.   -1.    0.75  0.  ]
step_54000_num_0,[ 0. -1.  0.  0.]
step_54000_num_1,[-1.   -1.    0.25  0.  ]
step_54000_num_2,[0.  0.5 0.5 0. ]
step_54000_num_3,[ 0.   -1.    0.    0.25]
step_54000_num_4,[0.25 0.25 0.   0.25]
step_54500_num_0,[0.   0.25 0.   0.  ]
step_54500_num_1,[ 0. -1.  0.  0.]
step_54500_num_2,[ 0.   -1.    0.    0.25]
step_54500_num_3,[ 0. -1.  0.  0.]
step_54500_num_4,[-1.   -1.    0.25  0.  ]
step_55000_num_0,[0.5  0.5  0.25 0.  ]
step_55000_num_1,[ 0. -1.  0.  0.]
step_55000_num_2,[0.25 0.25 0.25 0.25]
step_55000_num_3,[ 0. -1.  0.  0.]
step_55000_num_4,[0. 0. 0. 0.]
step_55500_num_0,[ 0.   -1.    0.25  0.  ]
step_55500_num_1,[ 0. -1.  0.  0.]
step_55500_num_2,[-1.   -1.    0.25  0.  ]
step_55500_num_3,[ 0.   -1.    0.25  0.25]
step_55500_num_4,[0.25 0.5  0.25 0.  ]
step_56000_num_0,[ 0. -1.  0.  0.]
step_56000_num_1,[0.5  0.25 0.25 0.  ]
step_56000_num_2,[0. 0. 0. 0.]
step_56000_num_3,[0.75 0.5  0.25 0.  ]
step_56000_num_4,[ 0. -1.  0.  0.]
step_56500_num_0,[0.  0.5 0.  0. ]
step_56500_num_1,[0.   0.   0.25 0.25]
step_56500_num_2,[ 0.   -1.    0.    0.25]
step_56500_num_3,[0.5  0.   0.25 0.  ]
step_56500_num_4,[0.  0.5 0.  0. ]
step_57000_num_0,[ 0. -1.  0.  0.]
step_57000_num_1,[0.5  0.25 0.25 0.  ]
step_57000_num_2,[0.25 0.25 0.25 0.  ]
step_57000_num_3,[0.   0.   0.25 0.  ]
step_57000_num_4,[ 0.5 -1.   0.   0. ]
step_57500_num_0,[ 0. -1.  0.  0.]
step_57500_num_1,[0.25 0.25 0.   0.  ]
step_57500_num_2,[ 0.25 -1.    0.5   0.  ]
step_57500_num_3,[0.  0.5 0.  0. ]
step_57500_num_4,[ 0. -1.  0.  0.]
step_58000_num_0,[0.5 0.5 0.5 0. ]
step_58000_num_1,[0.   0.   0.25 0.  ]
step_58000_num_2,[0.5  0.   0.25 0.  ]
step_58000_num_3,[0.25 0.   0.5  0.  ]
step_58000_num_4,[ 0. -1.  0.  0.]
step_58500_num_0,[0.5 0.5 0.  0. ]
step_58500_num_1,[ 0. -1.  0.  0.]
step_58500_num_2,[ 0. -1.  0.  0.]
step_58500_num_3,[0. 0. 0. 0.]
step_58500_num_4,[0. 0. 0. 0.]
step_59000_num_0,[ 0.   -1.    0.25  0.  ]
step_59000_num_1,[0.25 0.5  0.25 0.  ]
step_59000_num_2,[0.5  0.25 0.   0.  ]
step_59000_num_3,[ 0. -1.  0.  0.]
step_59000_num_4,[0.5  0.25 0.25 0.  ]
step_59500_num_0,[0.25 0.5  0.5  0.  ]
step_59500_num_1,[-1.   -1.    0.25  0.  ]
step_59500_num_2,[0.  0.5 0.  0. ]
step_59500_num_3,[0.  0.5 0.  0. ]
step_59500_num_4,[0.25 0.25 0.25 0.  ]
step_60000_num_0,[ 0.  -1.   0.5  0. ]
step_60000_num_1,[ 0. -1.  0.  0.]
step_60000_num_2,[ 0.  -1.   0.5  0. ]
step_60000_num_3,[0.25 0.   0.   0.  ]
step_60000_num_4,[ 0. -1.  0.  0.]
step_60500_num_0,[0.25 0.5  0.5  0.  ]
step_60500_num_1,[ 0. -1.  0.  0.]
step_60500_num_2,[0.5 0.5 0.  0. ]
step_60500_num_3,[0.25 0.75 0.5  0.25]
step_60500_num_4,[0.25 0.   0.   0.  ]
step_61000_num_0,[0.25 0.5  0.5  0.  ]
step_61000_num_1,[0.25 0.5  0.25 0.  ]
step_61000_num_2,[0.5  0.   0.25 0.  ]
step_61000_num_3,[0.25 0.25 0.25 0.  ]
step_61000_num_4,[0. 0. 0. 0.]
step_61500_num_0,[0.5 0.5 0.  0. ]
step_61500_num_1,[-1. -1.  0.  0.]
step_61500_num_2,[ 0. -1.  0.  0.]
step_61500_num_3,[-1.   -1.    0.25  0.  ]
step_61500_num_4,[ 0. -1.  0.  0.]
step_62000_num_0,[ 0.   -1.    0.    0.25]
step_62000_num_1,[ 0.  -1.   0.5  0. ]
step_62000_num_2,[ 0. -1.  0.  0.]
step_62000_num_3,[0.5  0.25 0.25 0.  ]
step_62000_num_4,[ 0. -1.  0.  0.]
step_62500_num_0,[0.5 0.  0.  0. ]
step_62500_num_1,[ 0. -1.  0.  0.]
step_62500_num_2,[0.25 0.25 0.   0.  ]
step_62500_num_3,[0.25 0.75 0.   0.  ]
step_62500_num_4,[ 0. -1.  0.  0.]
step_63000_num_0,[ 0. -1.  0.  0.]
step_63000_num_1,[0.25 0.5  0.25 0.  ]
step_63000_num_2,[ 0. -1.  0.  0.]
step_63000_num_3,[ 0.  -1.   0.   0.5]
step_63000_num_4,[0.25 0.5  0.5  0.  ]
step_63500_num_0,[ 0.   -1.    0.    0.25]
step_63500_num_1,[-1. -1.  0.  0.]
step_63500_num_2,[ 0. -1.  0.  0.]
step_63500_num_3,[ 0.   -1.    0.25  0.  ]
step_63500_num_4,[ 0. -1.  0.  0.]
step_64000_num_0,[0.25 0.25 0.   0.  ]
step_64000_num_1,[0.5 0.5 0.  0. ]
step_64000_num_2,[0.25 0.75 0.5  0.25]
step_64000_num_3,[0.25 0.75 0.   0.  ]
step_64000_num_4,[-1.  -1.   0.5  0. ]
step_64500_num_0,[ 0.   -1.    0.    0.25]
step_64500_num_1,[ 0.  -1.   0.5  0. ]
step_64500_num_2,[ 0. -1.  0.  0.]
step_64500_num_3,[0.   0.5  0.25 0.25]
step_64500_num_4,[0.5 0.  0.  0. ]
step_65000_num_0,[ 0. -1.  0.  0.]
step_65000_num_1,[0.75 0.   0.25 0.  ]
step_65000_num_2,[0.25 0.25 0.25 0.  ]
step_65000_num_3,[ 0. -1.  0.  0.]
step_65000_num_4,[0.5  0.5  0.25 0.25]
step_65500_num_0,[ 0.  -1.   0.5  0. ]
step_65500_num_1,[-1.   -1.    0.25  0.  ]
step_65500_num_2,[ 0. -1.  0.  0.]
step_65500_num_3,[0.25 0.25 0.25 0.  ]
step_65500_num_4,[-1.  -1.   0.5  0. ]
step_66000_num_0,[ 0. -1.  0.  0.]
step_66000_num_1,[ 0.  -1.   0.5  0. ]
step_66000_num_2,[0.75 0.   0.   0.  ]
step_66000_num_3,[0.25 0.   0.   0.  ]
step_66000_num_4,[0.25 0.5  0.5  0.  ]
step_66500_num_0,[0.25 0.25 0.5  0.  ]
step_66500_num_1,[-1.   -1.    0.25  0.  ]
step_66500_num_2,[ 0. -1.  0.  0.]
step_66500_num_3,[0.5  0.   0.25 0.  ]
step_66500_num_4,[0.5  0.5  0.25 0.  ]
step_67000_num_0,[0.5  0.25 0.25 0.  ]
step_67000_num_1,[ 0. -1.  0.  0.]
step_67000_num_2,[0.25 0.5  0.   0.  ]
step_67000_num_3,[ 0. -1.  0.  0.]
step_67000_num_4,[-1. -1.  0.  0.]
step_67500_num_0,[-1. -1.  0.  0.]
step_67500_num_1,[ 0. -1.  0.  0.]
step_67500_num_2,[0.5  0.25 0.   0.25]
step_67500_num_3,[0. 0. 0. 0.]
step_67500_num_4,[-1.   -1.    0.25  0.  ]
step_68000_num_0,[0.   0.5  0.25 0.25]
step_68000_num_1,[0.  0.5 0.  0. ]
step_68000_num_2,[0.5  0.5  0.25 0.  ]
step_68000_num_3,[-1.  -1.   0.5  0. ]
step_68000_num_4,[0.5  0.   0.25 0.  ]
step_68500_num_0,[0.25 0.   0.25 0.  ]
step_68500_num_1,[-1.  -1.   0.5  0. ]
step_68500_num_2,[0. 0. 0. 0.]
step_68500_num_3,[-1.   -1.    0.25  0.  ]
step_68500_num_4,[-1. -1.  0.  0.]
step_69000_num_0,[ 0.   -1.    0.    0.25]
step_69000_num_1,[ 0.  -1.   0.5  0. ]
step_69000_num_2,[-1. -1.  0.  0.]
step_69000_num_3,[ 0. -1.  0.  0.]
step_69000_num_4,[0.5  0.5  0.25 0.  ]
step_69500_num_0,[0.25 0.75 0.   0.  ]
step_69500_num_1,[ 0. -1.  0.  0.]
step_69500_num_2,[-1.   -1.    0.75  0.  ]
step_69500_num_3,[0.25 0.5  0.5  0.  ]
step_69500_num_4,[ 0. -1.  0.  0.]
step_70000_num_0,[-1. -1.  0.  0.]
step_70000_num_1,[0.   0.   0.25 0.  ]
step_70000_num_2,[0.25 0.   0.25 0.  ]
step_70000_num_3,[ 0. -1.  0.  0.]
step_70000_num_4,[0. 0. 0. 0.]
step_70500_num_0,[-1.   -1.    0.25  0.  ]
step_70500_num_1,[0.75 0.   0.   0.  ]
step_70500_num_2,[ 0. -1.  0.  0.]
step_70500_num_3,[0.25 0.25 0.5  0.  ]
step_70500_num_4,[0. 0. 0. 0.]
step_71000_num_0,[ 0. -1.  0.  0.]
step_71000_num_1,[0.5 0.  0.  0. ]
step_71000_num_2,[0.5  0.   0.25 0.  ]
step_71000_num_3,[-1.  -1.   0.5  0. ]
step_71000_num_4,[0. 0. 0. 0.]
step_71500_num_0,[ 0.   -1.    0.    0.25]
step_71500_num_1,[ 0. -1.  0.  0.]
step_71500_num_2,[ 0.   -1.    0.25  0.  ]
step_71500_num_3,[0.25 0.   0.25 0.  ]
step_71500_num_4,[ 0.   -1.    0.    0.25]
step_72000_num_0,[0.25 0.5  0.   0.  ]
step_72000_num_1,[ 0. -1.  0.  0.]
step_72000_num_2,[0.5  0.   0.25 0.  ]
step_72000_num_3,[ 0.25 -1.    0.5   0.  ]
step_72000_num_4,[ 0. -1.  0.  0.]
step_72500_num_0,[ 0. -1.  0.  0.]
step_72500_num_1,[ 0. -1.  0.  0.]
step_72500_num_2,[ 0. -1.  0.  0.]
step_72500_num_3,[ 0. -1.  0.  0.]
step_72500_num_4,[0.25 0.   0.   0.  ]
step_73000_num_0,[ 0. -1.  0.  0.]
step_73000_num_1,[0.5  0.25 0.   0.  ]
step_73000_num_2,[0. 0. 0. 0.]
step_73000_num_3,[0.5  0.25 0.25 0.  ]
step_73000_num_4,[ 0. -1.  0.  0.]
step_73500_num_0,[ 0. -1.  0.  0.]
step_73500_num_1,[0. 0. 0. 0.]
step_73500_num_2,[0.5  0.5  0.25 0.  ]
step_73500_num_3,[0.25 0.   0.   0.  ]
step_73500_num_4,[0.   0.25 0.   0.  ]
step_74000_num_0,[ 0. -1.  0.  0.]
step_74000_num_1,[0.25 0.5  0.   0.  ]
step_74000_num_2,[ 0. -1.  0.  0.]
step_74000_num_3,[0.   0.   0.25 0.  ]
step_74000_num_4,[-1.   -1.    0.25  0.  ]
step_74500_num_0,[ 0. -1.  0.  0.]
step_74500_num_1,[0.5 0.5 0.5 0. ]
step_74500_num_2,[ 0. -1.  0.  0.]
step_74500_num_3,[ 0.  -1.   0.5  0. ]
step_74500_num_4,[0.25 0.   0.25 0.  ]
step_75000_num_0,[0.75 0.5  0.25 0.  ]
step_75000_num_1,[-1.  -1.   0.5  0. ]
step_75000_num_2,[-1.  -1.   0.5  0. ]
step_75000_num_3,[0.5  0.5  0.25 0.  ]
step_75000_num_4,[ 0. -1.  0.  0.]
step_75500_num_0,[ 0.   -1.    0.    0.75]
step_75500_num_1,[0.25 0.25 0.5  0.25]
step_75500_num_2,[ 0.   -1.    0.    0.25]
step_75500_num_3,[0.5  0.25 0.25 0.  ]
step_75500_num_4,[0.   0.25 0.25 0.  ]
step_76000_num_0,[ 0. -1.  0.  0.]
step_76000_num_1,[0.   0.   0.25 0.  ]
step_76000_num_2,[ 0.   -1.    0.    0.25]
step_76000_num_3,[ 0. -1.  0.  0.]
step_76000_num_4,[0. 0. 0. 0.]
step_76500_num_0,[ 0. -1.  0.  0.]
step_76500_num_1,[-1.  -1.   0.5  0. ]
step_76500_num_2,[0.5  0.5  0.25 0.  ]
step_76500_num_3,[ 0. -1.  0.  0.]
step_76500_num_4,[0.75 0.25 0.   0.  ]
step_77000_num_0,[ 0.   -1.    0.75  0.25]
step_77000_num_1,[0.5  0.25 0.   0.  ]
step_77000_num_2,[0.75 0.   0.   0.  ]
step_77000_num_3,[-1.  -1.   0.5  0. ]
step_77000_num_4,[ 0. -1.  0.  0.]
step_77500_num_0,[ 0. -1.  0.  0.]
step_77500_num_1,[-1.  -1.   0.5  0. ]
step_77500_num_2,[0.   0.   0.25 0.25]
step_77500_num_3,[0.  0.  0.5 0. ]
step_77500_num_4,[ 0.  -1.   0.5  0. ]
step_78000_num_0,[ 0. -1.  0.  0.]
step_78000_num_1,[ 0. -1.  0.  0.]
step_78000_num_2,[ 0.   -1.    0.    0.25]
step_78000_num_3,[ 0. -1.  0.  0.]
step_78000_num_4,[0.25 0.5  0.75 0.  ]
step_78500_num_0,[0.5 0.  0.  0. ]
step_78500_num_1,[0.   0.5  0.25 0.25]
step_78500_num_2,[0.   0.25 0.   0.  ]
step_78500_num_3,[ 0.   -1.    0.    0.25]
step_78500_num_4,[-1. -1.  0.  0.]
step_79000_num_0,[-1. -1.  0.  0.]
step_79000_num_1,[ 0. -1.  0.  0.]
step_79000_num_2,[ 0.  -1.   0.5  0. ]
step_79000_num_3,[ 0.  -1.   0.5  0. ]
step_79000_num_4,[-1.   -1.    0.25  0.  ]
step_79500_num_0,[0.  0.5 0.  0. ]
step_79500_num_1,[ 0. -1.  0.  0.]
step_79500_num_2,[0.5  0.25 0.   0.  ]
step_79500_num_3,[ 0.   -1.    0.5   0.25]
step_79500_num_4,[ 0. -1.  0.  0.]
step_80000_num_0,[0.5  0.25 0.   0.  ]
step_80000_num_1,[0. 0. 0. 0.]
step_80000_num_2,[ 0.   -1.    0.    0.25]
step_80000_num_3,[0.25 0.25 0.25 0.  ]
step_80000_num_4,[-1.   -1.    0.    0.25]
step_80500_num_0,[-1.   -1.    0.25  0.  ]
step_80500_num_1,[0.  0.5 0.  0. ]
step_80500_num_2,[ 0.   -1.    0.25  0.  ]
step_80500_num_3,[0.5  0.5  0.25 0.  ]
step_80500_num_4,[ 0.   -1.    0.    0.25]
step_81000_num_0,[ 0. -1.  0.  0.]
step_81000_num_1,[-1.   -1.    0.25  0.  ]
step_81000_num_2,[0. 0. 0. 0.]
step_81000_num_3,[0.  0.5 0.  0. ]
step_81000_num_4,[0.25 0.25 0.25 0.  ]
step_81500_num_0,[-1. -1.  0.  0.]
step_81500_num_1,[ 0. -1.  0.  0.]
step_81500_num_2,[0.5 0.5 0.  0. ]
step_81500_num_3,[0.25 0.25 0.25 0.  ]
step_81500_num_4,[0. 0. 0. 0.]
step_82000_num_0,[-1.   -1.    0.25  0.  ]
step_82000_num_1,[-1. -1.  0.  0.]
step_82000_num_2,[ 0. -1.  0.  0.]
step_82000_num_3,[0.5  0.5  0.25 0.  ]
step_82000_num_4,[0.25 0.25 0.25 0.  ]
step_82500_num_0,[ 0. -1.  0.  0.]
step_82500_num_1,[0.   0.   0.   0.25]
step_82500_num_2,[-1. -1.  0.  0.]
step_82500_num_3,[ 0. -1.  0.  0.]
step_82500_num_4,[ 0.25 -1.    0.75  0.  ]
step_83000_num_0,[0.5  0.25 0.25 0.  ]
step_83000_num_1,[0.5 0.  0.  0. ]
step_83000_num_2,[ 0. -1.  0.  0.]
step_83000_num_3,[0.   0.75 0.25 0.  ]
step_83000_num_4,[0.25 0.   0.   0.  ]
step_83500_num_0,[-1. -1.  0.  0.]
step_83500_num_1,[0.25 0.5  0.25 0.  ]
step_83500_num_2,[ 0.5  -1.    0.25  0.  ]
step_83500_num_3,[-1. -1.  0.  0.]
step_83500_num_4,[-1. -1.  0.  0.]
step_84000_num_0,[-1.   -1.    0.25  0.  ]
step_84000_num_1,[0.25 0.5  0.   0.  ]
step_84000_num_2,[0. 0. 0. 0.]
step_84000_num_3,[0.75 0.25 0.   0.  ]
step_84000_num_4,[-1. -1.  0.  0.]
step_84500_num_0,[ 0. -1.  0.  0.]
step_84500_num_1,[0.5  0.25 0.   0.  ]
step_84500_num_2,[ 0. -1.  0.  0.]
step_84500_num_3,[0.5  0.   0.25 0.  ]
step_84500_num_4,[0.5  0.25 0.25 0.  ]
step_85000_num_0,[ 0. -1.  0.  0.]
step_85000_num_1,[0.25 0.   0.75 0.  ]
step_85000_num_2,[0.5  0.5  0.25 0.  ]
step_85000_num_3,[ 0. -1.  0.  0.]
step_85000_num_4,[ 0. -1.  0.  0.]
step_85500_num_0,[ 0. -1.  0.  0.]
step_85500_num_1,[1.  0.5 0.  0. ]
step_85500_num_2,[0.25 0.   0.25 0.  ]
step_85500_num_3,[0.5  0.5  0.25 0.  ]
step_85500_num_4,[-1.  -1.   0.5  0. ]
step_86000_num_0,[ 0. -1.  0.  0.]
step_86000_num_1,[0.75 0.   0.   0.  ]
step_86000_num_2,[0.  0.5 0.  0. ]
step_86000_num_3,[ 0. -1.  0.  0.]
step_86000_num_4,[-1.   -1.    0.25  0.25]
step_86500_num_0,[ 0.  -1.   0.5  0. ]
step_86500_num_1,[0.   0.   0.25 0.  ]
step_86500_num_2,[0.25 0.75 0.5  0.25]
step_86500_num_3,[0.25 0.   0.   0.  ]
step_86500_num_4,[0.25 0.25 0.5  0.25]
step_87000_num_0,[0.25 0.   0.   0.  ]
step_87000_num_1,[ 0. -1.  0.  0.]
step_87000_num_2,[ 0. -1.  0.  0.]
step_87000_num_3,[0.25 0.   0.   0.  ]
step_87000_num_4,[0.25 0.25 0.75 0.  ]
step_87500_num_0,[0.5  0.25 0.25 0.  ]
step_87500_num_1,[ 0.25 -1.    0.75  0.  ]
step_87500_num_2,[ 0. -1.  0.  0.]
step_87500_num_3,[ 0.   -1.    0.25  0.  ]
step_87500_num_4,[0.  0.5 0.  0. ]
step_88000_num_0,[ 0. -1.  0.  0.]
step_88000_num_1,[ 0. -1.  0.  0.]
step_88000_num_2,[0.5 0.  0.  0. ]
step_88000_num_3,[-1.   -1.    0.25  0.  ]
step_88000_num_4,[ 0. -1.  0.  0.]
step_88500_num_0,[0.  0.5 0.5 0. ]
step_88500_num_1,[0.25 0.5  0.   0.25]
step_88500_num_2,[ 0.25 -1.    0.75  0.  ]
step_88500_num_3,[0.25 0.25 0.75 0.  ]
step_88500_num_4,[0. 0. 0. 0.]
step_89000_num_0,[ 0. -1.  0.  0.]
step_89000_num_1,[ 0. -1.  0.  0.]
step_89000_num_2,[ 0. -1.  0.  0.]
step_89000_num_3,[0. 0. 0. 0.]
step_89000_num_4,[0.   0.25 0.   0.  ]
step_89500_num_0,[0. 0. 0. 0.]
step_89500_num_1,[ 0. -1.  0.  0.]
step_89500_num_2,[0.5 0.5 0.  0. ]
step_89500_num_3,[-1.   -1.    0.25  0.  ]
step_89500_num_4,[ 0. -1.  0.  0.]
step_90000_num_0,[-1.  -1.   0.5  0. ]
step_90000_num_1,[ 0. -1.  0.  0.]
step_90000_num_2,[0.5  0.25 0.   0.  ]
step_90000_num_3,[0.25 0.5  0.   0.25]
step_90000_num_4,[ 0.   -1.    0.    0.25]
step_90500_num_0,[ 0. -1.  0.  0.]
step_90500_num_1,[0. 0. 0. 0.]
step_90500_num_2,[ 0. -1.  0.  0.]
step_90500_num_3,[ 0. -1.  0.  0.]
step_90500_num_4,[-1. -1.  0.  0.]
step_91000_num_0,[ 0. -1.  0.  0.]
step_91000_num_1,[ 0.  -1.   0.5  0. ]
step_91000_num_2,[ 0.   -1.    0.25  0.  ]
step_91000_num_3,[-1.   -1.    0.25  0.  ]
step_91000_num_4,[0. 0. 0. 0.]
step_91500_num_0,[-1.   -1.    0.25  0.  ]
step_91500_num_1,[-1. -1.  0.  0.]
step_91500_num_2,[-1. -1.  0.  0.]
step_91500_num_3,[0. 0. 0. 0.]
step_91500_num_4,[0.5  0.25 0.   0.  ]
step_92000_num_0,[0.25 0.   0.   0.  ]
step_92000_num_1,[0.   0.25 0.   0.  ]
step_92000_num_2,[ 0. -1.  0.  0.]
step_92000_num_3,[0.25 0.5  0.5  0.  ]
step_92000_num_4,[ 0.  -1.   0.5  0. ]
step_92500_num_0,[0.5  0.5  0.25 0.25]
step_92500_num_1,[ 0. -1.  0.  0.]
step_92500_num_2,[0.75 0.5  0.25 0.  ]
step_92500_num_3,[0.5  0.   0.25 0.  ]
step_92500_num_4,[0.25 0.75 0.5  0.  ]
step_93000_num_0,[0.  0.5 0.  0. ]
step_93000_num_1,[0.25 0.5  0.25 0.  ]
step_93000_num_2,[-1.   -1.    0.25  0.  ]
step_93000_num_3,[0.25 0.5  0.5  0.  ]
step_93000_num_4,[ 0.25 -1.    0.75  0.  ]
step_93500_num_0,[ 0.5  -1.    0.25  0.  ]
step_93500_num_1,[ 0. -1.  0.  0.]
step_93500_num_2,[0.5  0.25 0.   0.  ]
step_93500_num_3,[0.25 0.   0.   0.  ]
step_93500_num_4,[ 0. -1.  0.  0.]
step_94000_num_0,[ 0.   -1.    0.    0.25]
step_94000_num_1,[ 0. -1.  0.  0.]
step_94000_num_2,[0. 0. 0. 0.]
step_94000_num_3,[0.25 0.25 0.25 0.  ]
step_94000_num_4,[ 0. -1.  0.  0.]
step_94500_num_0,[ 0. -1.  0.  0.]
step_94500_num_1,[ 0. -1.  0.  0.]
step_94500_num_2,[0.5  0.   0.25 0.  ]
step_94500_num_3,[0.25 0.25 0.   0.  ]
step_94500_num_4,[ 0. -1.  0.  0.]
step_95000_num_0,[0.5 0.  0.  0. ]
step_95000_num_1,[0.5 0.5 0.  0. ]
step_95000_num_2,[ 0. -1.  0.  0.]
step_95000_num_3,[ 0.   -1.    0.    0.25]
step_95000_num_4,[0. 0. 0. 0.]
step_95500_num_0,[0.25 0.   0.   0.  ]
step_95500_num_1,[-1.  -1.   0.5  0. ]
step_95500_num_2,[0.5  0.5  0.25 0.  ]
step_95500_num_3,[ 0. -1.  0.  0.]
step_95500_num_4,[-1. -1.  0.  0.]
step_96000_num_0,[0.75 0.   0.25 0.  ]
step_96000_num_1,[ 0.5 -1.   0.   0. ]
step_96000_num_2,[0.25 0.25 0.25 0.  ]
step_96000_num_3,[ 0. -1.  0.  0.]
step_96000_num_4,[0.   0.   0.25 0.  ]
step_96500_num_0,[ 0. -1.  0.  0.]
step_96500_num_1,[ 0. -1.  0.  0.]
step_96500_num_2,[0.5  0.75 0.25 0.  ]
step_96500_num_3,[ 0.  -1.   0.5  0. ]
step_96500_num_4,[0.25 0.   0.25 0.  ]
step_97000_num_0,[0. 0. 0. 0.]
step_97000_num_1,[ 0. -1.  0.  0.]
step_97000_num_2,[0.5 0.5 0.5 0. ]
step_97000_num_3,[0.  0.5 0.  0. ]
step_97000_num_4,[ 0. -1.  0.  0.]
step_97500_num_0,[ 0.   -1.    0.    0.25]
step_97500_num_1,[0.25 0.   0.   0.  ]
step_97500_num_2,[0. 0. 0. 0.]
step_97500_num_3,[0.25 0.5  0.   0.  ]
step_97500_num_4,[ 0. -1.  0.  0.]
step_98000_num_0,[ 0. -1.  0.  0.]
step_98000_num_1,[0.5  0.25 0.   0.  ]
step_98000_num_2,[ 0. -1.  0.  0.]
step_98000_num_3,[ 0.25 -1.    0.5   0.  ]
step_98000_num_4,[ 0. -1.  0.  0.]
step_98500_num_0,[-1.   -1.    0.75  0.  ]
step_98500_num_1,[0.25 0.25 0.25 0.  ]
step_98500_num_2,[0.   0.75 0.5  0.  ]
step_98500_num_3,[0.25 0.5  0.5  0.  ]
step_98500_num_4,[0.  0.5 0.5 0. ]
step_99000_num_0,[0.   0.   0.25 0.25]
step_99000_num_1,[-1.  -1.   0.5  0. ]
step_99000_num_2,[ 0.5 -1.   0.   0. ]
step_99000_num_3,[0.5 0.5 0.  0. ]
step_99000_num_4,[0.75 0.   0.   0.  ]
step_99500_num_0,[ 0. -1.  0.  0.]
step_99500_num_1,[ 0.   -1.    0.    0.25]
step_99500_num_2,[0.25 0.25 0.   0.  ]
step_99500_num_3,[ 0. -1.  0.  0.]
step_99500_num_4,[0.5  0.   0.25 0.  ]
step_100000_num_0,[ 0. -1.  0.  0.]
step_100000_num_1,[-1. -1.  0.  0.]
step_100000_num_2,[ 0. -1.  0.  0.]
step_100000_num_3,[ 0.   -1.    0.    0.25]
step_100000_num_4,[ 0.  -1.   0.5  0. ]
step_100500_num_0,[0.5  0.25 0.25 0.  ]
step_100500_num_1,[ 0. -1.  0.  0.]
step_100500_num_2,[0. 0. 0. 0.]
step_100500_num_3,[0.5 0.  0.  0. ]
step_100500_num_4,[0.  0.5 0.  0. ]
step_101000_num_0,[ 0. -1.  0.  0.]
step_101000_num_1,[0.5  0.25 0.25 0.  ]
step_101000_num_2,[0.25 0.5  0.   0.  ]
step_101000_num_3,[ 0.   -1.    0.5   0.25]
step_101000_num_4,[ 0. -1.  0.  0.]
step_101500_num_0,[ 0. -1.  0.  0.]
step_101500_num_1,[ 0. -1.  0.  0.]
step_101500_num_2,[ 0.5 -1.   0.   0. ]
step_101500_num_3,[ 0. -1.  0.  0.]
step_101500_num_4,[-1. -1.  0.  0.]
step_102000_num_0,[0.25 0.   0.   0.  ]
step_102000_num_1,[-1.   -1.    0.25  0.25]
step_102000_num_2,[0.25 0.25 0.   0.  ]
step_102000_num_3,[0.5  0.   0.25 0.25]
step_102000_num_4,[ 0. -1.  0.  0.]
step_102500_num_0,[0.25 0.   0.75 0.  ]
step_102500_num_1,[0.25 0.25 0.   0.  ]
step_102500_num_2,[ 0. -1.  0.  0.]
step_102500_num_3,[0.5  0.   0.25 0.  ]
step_102500_num_4,[0.   0.25 0.25 0.  ]
step_103000_num_0,[0.5  0.5  0.25 0.  ]
step_103000_num_1,[0.5 0.  0.  0. ]
step_103000_num_2,[ 0. -1.  0.  0.]
step_103000_num_3,[-1. -1.  0.  0.]
step_103000_num_4,[0.25 0.   0.25 0.  ]
step_103500_num_0,[0.75 0.   0.   0.  ]
step_103500_num_1,[0.25 0.25 0.25 0.  ]
step_103500_num_2,[ 0.   -1.    0.25  0.25]
step_103500_num_3,[0.5  0.25 0.25 0.  ]
step_103500_num_4,[ 0. -1.  0.  0.]
step_104000_num_0,[ 0.   -1.    0.    0.25]
step_104000_num_1,[0.  0.  0.5 0. ]
step_104000_num_2,[0.25 0.5  0.   0.25]
step_104000_num_3,[0.25 0.25 0.25 0.25]
step_104000_num_4,[ 0.5 -1.   0.   0. ]
step_104005_num_0,[1.  0.5 0.  0. ]
step_104005_num_1,[0.25 0.25 0.   0.  ]
step_104005_num_2,[ 0.   -1.    0.    0.75]
step_104005_num_3,[ 0.  -1.   0.5  0. ]
step_104005_num_4,[ 0. -1.  0.  0.]
step_104500_num_0,[ 0.   -1.    0.25  0.  ]
step_104500_num_1,[ 0.25 -1.    0.75  0.25]
step_104500_num_2,[ 0.5 -1.   0.5  0. ]
step_104500_num_3,[0. 0. 0. 0.]
step_104500_num_4,[ 0.   -1.    0.    0.25]
step_105000_num_0,[0.   0.   0.25 0.  ]
step_105000_num_1,[0.25 0.5  0.5  0.  ]
step_105000_num_2,[ 0. -1.  0.  0.]
step_105000_num_3,[0.  0.5 0.  0. ]
step_105000_num_4,[0.25 0.25 0.   0.25]
step_105500_num_0,[0.25 0.25 0.75 0.  ]
step_105500_num_1,[ 0. -1.  0.  0.]
step_105500_num_2,[0.25 0.25 0.   0.  ]
step_105500_num_3,[ 0.5 -1.   0.   0. ]
step_105500_num_4,[0.25 0.25 0.   0.25]
step_106000_num_0,[-1. -1.  0.  0.]
step_106000_num_1,[-1.   -1.    0.75  0.  ]
step_106000_num_2,[ 0. -1.  0.  0.]
step_106000_num_3,[0.   0.25 0.25 0.  ]
step_106000_num_4,[0.75 0.5  0.   0.  ]
step_106500_num_0,[0.25 0.25 0.75 0.  ]
step_106500_num_1,[0.5 0.5 0.  0. ]
step_106500_num_2,[0.5  0.   0.25 0.  ]
step_106500_num_3,[0.25 0.25 0.   0.  ]
step_106500_num_4,[ 0. -1.  0.  0.]
step_107000_num_0,[0.25 0.   0.   0.  ]
step_107000_num_1,[-1. -1.  0.  0.]
step_107000_num_2,[-1. -1.  0.  0.]
step_107000_num_3,[0.25 0.25 0.   0.25]
step_107000_num_4,[ 0.   -1.    0.25  0.  ]
step_107500_num_0,[0.5  0.25 0.25 0.  ]
step_107500_num_1,[0.5  0.75 0.25 0.  ]
step_107500_num_2,[ 0. -1.  0.  0.]
step_107500_num_3,[ 0.   -1.    0.75  0.  ]
step_107500_num_4,[0. 0. 0. 0.]
step_108000_num_0,[ 0. -1.  0.  0.]
step_108000_num_1,[-1.   -1.    0.75  0.  ]
step_108000_num_2,[-1.   -1.    0.25  0.  ]
step_108000_num_3,[0.25 0.5  0.75 0.  ]
step_108000_num_4,[-1.   -1.    0.25  0.  ]
step_108500_num_0,[0.5  0.   0.25 0.  ]
step_108500_num_1,[0.25 0.75 0.5  0.  ]
step_108500_num_2,[0.25 0.75 0.5  0.25]
step_108500_num_3,[ 0.   -1.    0.25  0.  ]
step_108500_num_4,[0.5  0.5  0.25 0.  ]
step_109000_num_0,[-1.  -1.   0.5  0. ]
step_109000_num_1,[ 0. -1.  0.  0.]
step_109000_num_2,[0.25 0.   0.   0.  ]
step_109000_num_3,[0.5  0.25 0.25 0.  ]
step_109000_num_4,[0.25 0.25 0.5  0.25]
step_109500_num_0,[-1.  -1.   0.5  0. ]
step_109500_num_1,[ 0. -1.  0.  0.]
step_109500_num_2,[0.5  0.5  0.25 0.25]
step_109500_num_3,[ 0. -1.  0.  0.]
step_109500_num_4,[0.25 0.25 0.   0.25]
step_110000_num_0,[ 0. -1.  0.  0.]
step_110000_num_1,[-1.   -1.    0.25  0.  ]
step_110000_num_2,[ 0. -1.  0.  0.]
step_110000_num_3,[0.5 0.  0.  0. ]
step_110000_num_4,[ 0.   -1.    0.    0.25]
step_110500_num_0,[-1. -1.  0.  0.]
step_110500_num_1,[ 0. -1.  0.  0.]
step_110500_num_2,[0.   0.   0.25 0.  ]
step_110500_num_3,[-1. -1.  0.  0.]
step_110500_num_4,[0.25 0.25 0.5  0.  ]
step_111000_num_0,[0.25 0.25 0.   0.  ]
step_111000_num_1,[ 0. -1.  0.  0.]
step_111000_num_2,[ 0.  -1.   0.5  0. ]
step_111000_num_3,[ 0. -1.  0.  0.]
step_111000_num_4,[0.25 0.5  0.25 0.  ]
step_111500_num_0,[ 0.   -1.    0.25  0.25]
step_111500_num_1,[-1.   -1.    0.25  0.  ]
step_111500_num_2,[ 0. -1.  0.  0.]
step_111500_num_3,[0.   0.   0.   0.25]
step_111500_num_4,[0.   0.25 0.   0.  ]
step_112000_num_0,[0.   0.   0.25 0.25]
step_112000_num_1,[0.5  0.75 0.25 0.  ]
step_112000_num_2,[ 0. -1.  0.  0.]
step_112000_num_3,[ 0. -1.  0.  0.]
step_112000_num_4,[0.5 0.  0.  0. ]
step_112500_num_0,[0. 0. 0. 0.]
step_112500_num_1,[0.   0.   0.   0.25]
step_112500_num_2,[ 0. -1.  0.  0.]
step_112500_num_3,[0.25 0.5  0.5  0.  ]
step_112500_num_4,[-1. -1.  0.  0.]
step_113000_num_0,[ 0. -1.  0.  0.]
step_113000_num_1,[-1. -1.  0.  0.]
step_113000_num_2,[-1.  -1.   0.5  0. ]
step_113000_num_3,[0. 0. 0. 0.]
step_113000_num_4,[ 0.   -1.    0.    0.25]
step_113500_num_0,[0.5  0.   0.25 0.  ]
step_113500_num_1,[ 0. -1.  0.  0.]
step_113500_num_2,[-1.   -1.    0.25  0.  ]
step_113500_num_3,[0.   0.   0.   0.25]
step_113500_num_4,[ 0.   -1.    0.25  0.  ]
step_114000_num_0,[0.25 0.5  0.   0.  ]
step_114000_num_1,[ 0. -1.  0.  0.]
step_114000_num_2,[0.5  0.25 0.   0.  ]
step_114000_num_3,[-1.  -1.   0.5  0. ]
step_114000_num_4,[0.5  0.25 0.25 0.  ]
step_114500_num_0,[ 0. -1.  0.  0.]
step_114500_num_1,[0.25 0.   0.   0.  ]
step_114500_num_2,[0.75 0.   0.   0.  ]
step_114500_num_3,[0.25 0.   0.5  0.25]
step_114500_num_4,[0.5  0.25 0.   0.25]
step_115000_num_0,[ 0. -1.  0.  0.]
step_115000_num_1,[0. 0. 0. 0.]
step_115000_num_2,[0.5  0.   0.25 0.  ]
step_115000_num_3,[ 0. -1.  0.  0.]
step_115000_num_4,[ 0. -1.  0.  0.]
step_115500_num_0,[0.25 0.25 0.5  0.  ]
step_115500_num_1,[ 0.   -1.    0.25  0.25]
step_115500_num_2,[0.25 0.25 0.   0.25]
step_115500_num_3,[0.25 0.25 0.   0.  ]
step_115500_num_4,[ 0. -1.  0.  0.]
step_116000_num_0,[0.5 0.5 0.  0. ]
step_116000_num_1,[0.   0.75 0.   0.  ]
step_116000_num_2,[0. 0. 0. 0.]
step_116000_num_3,[0.5  0.25 0.25 0.  ]
step_116000_num_4,[0.25 0.25 0.   0.  ]
step_116500_num_0,[-1. -1.  0.  0.]
step_116500_num_1,[0.75 0.   0.   0.  ]
step_116500_num_2,[ 0. -1.  0.  0.]
step_116500_num_3,[ 0.   -1.    0.    0.25]
step_116500_num_4,[0.25 0.25 0.75 0.  ]
step_117000_num_0,[0.25 0.25 0.25 0.  ]
step_117000_num_1,[0.25 0.   0.25 0.  ]
step_117000_num_2,[0.25 0.5  0.   0.25]
step_117000_num_3,[0.5  0.5  0.25 0.  ]
step_117000_num_4,[ 0.  -1.   0.5  0. ]
step_117500_num_0,[ 0. -1.  0.  0.]
step_117500_num_1,[0.5 0.5 0.  0. ]
step_117500_num_2,[0.   0.75 0.5  0.  ]
step_117500_num_3,[ 0. -1.  0.  0.]
step_117500_num_4,[ 0.   -1.    0.25  0.25]
step_118000_num_0,[ 0. -1.  0.  0.]
step_118000_num_1,[0. 0. 0. 0.]
step_118000_num_2,[ 0. -1.  0.  0.]
step_118000_num_3,[0. 0. 0. 0.]
step_118000_num_4,[0.5  0.25 0.25 0.  ]
step_118500_num_0,[ 0. -1.  0.  0.]
step_118500_num_1,[0.  0.5 0.  0. ]
step_118500_num_2,[0.25 0.25 0.25 0.25]
step_118500_num_3,[-1. -1.  0.  0.]
step_118500_num_4,[-1.  -1.   0.5  0. ]
step_119000_num_0,[ 0.5 -1.   0.   0. ]
step_119000_num_1,[ 0. -1.  0.  0.]
step_119000_num_2,[0.25 0.25 0.25 0.  ]
step_119000_num_3,[-1. -1.  0.  0.]
step_119000_num_4,[ 0.   -1.    0.    0.25]
step_119500_num_0,[0.   0.   0.25 0.25]
step_119500_num_1,[0.  0.5 0.  0. ]
step_119500_num_2,[-1.   -1.    0.25  0.  ]
step_119500_num_3,[ 0. -1.  0.  0.]
step_119500_num_4,[0.25 0.25 0.   0.25]
step_120000_num_0,[0. 0. 0. 0.]
step_120000_num_1,[0.5  0.25 0.25 0.  ]
step_120000_num_2,[0.25 0.   0.   0.  ]
step_120000_num_3,[0.25 0.   0.   0.  ]
step_120000_num_4,[0.5  0.25 0.   0.  ]
step_120500_num_0,[0.5 0.5 0.  0. ]
step_120500_num_1,[0.5  0.5  0.25 0.  ]
step_120500_num_2,[0.25 0.   0.   0.  ]
step_120500_num_3,[0.  0.  0.5 0. ]
step_120500_num_4,[ 0.   -1.    0.25  0.  ]
step_121000_num_0,[ 0.  -1.   0.5  0. ]
step_121000_num_1,[0.5  0.25 0.   0.  ]
step_121000_num_2,[-1.  -1.   0.5  0. ]
step_121000_num_3,[0.5  0.25 0.   0.  ]
step_121000_num_4,[0.25 0.25 0.25 0.25]
step_121500_num_0,[ 0.   -1.    0.25  0.  ]
step_121500_num_1,[0.5  0.   0.25 0.  ]
step_121500_num_2,[0.   0.   0.25 0.25]
step_121500_num_3,[ 0. -1.  0.  0.]
step_121500_num_4,[0.5  0.25 0.25 0.  ]
step_122000_num_0,[ 0.   -1.    0.    0.25]
step_122000_num_1,[0.75 0.   0.   0.  ]
step_122000_num_2,[ 0.   -1.    0.    0.25]
step_122000_num_3,[ 0. -1.  0.  0.]
step_122000_num_4,[0.25 0.   0.   0.  ]
step_122500_num_0,[ 0.   -1.    0.    0.25]
step_122500_num_1,[-1.  -1.   0.5  0. ]
step_122500_num_2,[0.5 0.  0.  0. ]
step_122500_num_3,[0.25 0.5  0.   0.  ]
step_122500_num_4,[0.25 0.25 0.   0.  ]
step_123000_num_0,[0.25 0.75 0.   0.  ]
step_123000_num_1,[0.  0.  0.5 0. ]
step_123000_num_2,[0.25 0.75 0.5  0.25]
step_123000_num_3,[0.25 0.25 0.   0.25]
step_123000_num_4,[0.5 0.  0.  0. ]
step_123500_num_0,[ 0.   -1.    0.    0.25]
step_123500_num_1,[0.25 0.5  0.   0.  ]
step_123500_num_2,[ 0.   -1.    0.25  0.  ]
step_123500_num_3,[0.   0.   0.25 0.  ]
step_123500_num_4,[0.5  0.25 0.   0.  ]
step_124000_num_0,[ 0. -1.  0.  0.]
step_124000_num_1,[-1. -1.  0.  0.]
step_124000_num_2,[0.25 0.   0.   0.  ]
step_124000_num_3,[ 0. -1.  0.  0.]
step_124000_num_4,[0.25 0.75 0.5  0.  ]
step_124500_num_0,[0.25 0.5  0.5  0.  ]
step_124500_num_1,[0.5  0.25 0.25 0.  ]
step_124500_num_2,[0.   0.25 0.   0.  ]
step_124500_num_3,[ 0. -1.  0.  0.]
step_124500_num_4,[ 0. -1.  0.  0.]
step_125000_num_0,[-1. -1.  0.  0.]
step_125000_num_1,[0. 0. 0. 0.]
step_125000_num_2,[0.25 0.   0.   0.  ]
step_125000_num_3,[0.   0.25 0.25 0.  ]
step_125000_num_4,[ 0. -1.  0.  0.]
step_125500_num_0,[0. 0. 0. 0.]
step_125500_num_1,[-1.  -1.   0.5  0. ]
step_125500_num_2,[ 0. -1.  0.  0.]
step_125500_num_3,[0.25 0.5  0.5  0.  ]
step_125500_num_4,[0.25 0.25 0.25 0.  ]
step_126000_num_0,[ 0.5  -1.    0.25  0.  ]
step_126000_num_1,[ 0. -1.  0.  0.]
step_126000_num_2,[-1. -1.  0.  0.]
step_126000_num_3,[0.5  0.   0.25 0.  ]
step_126000_num_4,[ 0. -1.  0.  0.]
step_126500_num_0,[-1. -1.  0.  0.]
step_126500_num_1,[-1. -1.  0.  0.]
step_126500_num_2,[ 0. -1.  0.  0.]
step_126500_num_3,[0.5  0.5  0.25 0.  ]
step_126500_num_4,[ 0.25 -1.    0.    0.  ]
step_127000_num_0,[ 0. -1.  0.  0.]
step_127000_num_1,[-1.   -1.    0.25  0.  ]
step_127000_num_2,[0.  0.5 0.  0. ]
step_127000_num_3,[ 0. -1.  0.  0.]
step_127000_num_4,[ 0. -1.  0.  0.]
step_127500_num_0,[0.5  0.5  0.25 0.  ]
step_127500_num_1,[ 0.  -1.   0.5  0. ]
step_127500_num_2,[0.25 0.   0.75 0.  ]
step_127500_num_3,[ 0. -1.  0.  0.]
step_127500_num_4,[ 0.25 -1.    0.5   0.  ]
step_128000_num_0,[-1.  -1.   0.5  0. ]
step_128000_num_1,[0.5  0.25 0.   0.25]
step_128000_num_2,[ 0.   -1.    0.25  0.  ]
step_128000_num_3,[0. 0. 0. 0.]
step_128000_num_4,[0.25 0.5  0.   0.  ]
step_128500_num_0,[-1.   -1.    0.    0.25]
step_128500_num_1,[-1. -1.  0.  0.]
step_128500_num_2,[ 0.  -1.   0.   0.5]
step_128500_num_3,[0.5  0.25 0.25 0.  ]
step_128500_num_4,[ 0. -1.  0.  0.]
step_129000_num_0,[0.5  0.25 0.   0.  ]
step_129000_num_1,[0.5  0.25 0.   0.  ]
step_129000_num_2,[ 0.   -1.    0.    0.75]
step_129000_num_3,[0.5 0.5 0.  0. ]
step_129000_num_4,[0.5  0.25 0.   0.  ]
step_129500_num_0,[0.25 0.5  0.25 0.  ]
step_129500_num_1,[0.5  0.25 0.5  0.  ]
step_129500_num_2,[0.5  0.25 0.   0.  ]
step_129500_num_3,[ 0. -1.  0.  0.]
step_129500_num_4,[ 0. -1.  0.  0.]
step_130000_num_0,[0.25 0.5  0.5  0.  ]
step_130000_num_1,[ 0.  -1.   0.5  0. ]
step_130000_num_2,[-1.   -1.    0.25  0.  ]
step_130000_num_3,[-1.   -1.    0.25  0.  ]
step_130000_num_4,[ 0. -1.  0.  0.]
step_130500_num_0,[0.25 0.   0.   0.  ]
step_130500_num_1,[ 0. -1.  0.  0.]
step_130500_num_2,[ 0.   -1.    0.    0.25]
step_130500_num_3,[0.  0.5 0.5 0. ]
step_130500_num_4,[ 0. -1.  0.  0.]
step_131000_num_0,[ 0. -1.  0.  0.]
step_131000_num_1,[ 0. -1.  0.  0.]
step_131000_num_2,[-1. -1.  0.  0.]
step_131000_num_3,[ 0. -1.  0.  0.]
step_131000_num_4,[ 0. -1.  0.  0.]
step_131500_num_0,[0.25 0.25 0.25 0.  ]
step_131500_num_1,[ 0. -1.  0.  0.]
step_131500_num_2,[0.5  0.25 0.   0.  ]
step_131500_num_3,[-1. -1.  0.  0.]
step_131500_num_4,[ 0. -1.  0.  0.]
step_132000_num_0,[ 0. -1.  0.  0.]
step_132000_num_1,[0.5 0.  0.  0. ]
step_132000_num_2,[ 0.5 -1.   0.5  0. ]
step_132000_num_3,[-1.   -1.    0.75  0.  ]
step_132000_num_4,[ 0.   -1.    0.75  0.25]
step_132500_num_0,[0.   0.   0.25 0.  ]
step_132500_num_1,[-1. -1.  0.  0.]
step_132500_num_2,[0.   0.   0.25 0.  ]
step_132500_num_3,[0.25 0.   0.25 0.  ]
step_132500_num_4,[ 0.   -1.    0.25  0.  ]
step_133000_num_0,[ 0. -1.  0.  0.]
step_133000_num_1,[ 0. -1.  0.  0.]
step_133000_num_2,[0.5  0.25 0.   0.  ]
step_133000_num_3,[0.75 0.25 0.   0.  ]
step_133000_num_4,[0.25 0.5  0.25 0.  ]
step_133500_num_0,[-1. -1.  0.  0.]
step_133500_num_1,[-1.   -1.    0.25  0.  ]
step_133500_num_2,[0.25 0.5  0.5  0.  ]
step_133500_num_3,[0.25 0.   0.75 0.  ]
step_133500_num_4,[ 0.   -1.    0.25  0.  ]
step_134000_num_0,[0. 0. 0. 0.]
step_134000_num_1,[ 0. -1.  0.  0.]
step_134000_num_2,[ 0. -1.  0.  0.]
step_134000_num_3,[-1.   -1.    0.25  0.  ]
step_134000_num_4,[ 0. -1.  0.  0.]
step_134500_num_0,[0.   0.   0.   0.25]
step_134500_num_1,[0.5  0.25 0.25 0.  ]
step_134500_num_2,[0.5  0.25 0.5  0.  ]
step_134500_num_3,[0.   0.   0.25 0.  ]
step_134500_num_4,[ 0.   -1.    0.    0.25]
step_135000_num_0,[ 0. -1.  0.  0.]
step_135000_num_1,[0.  0.5 0.  0. ]
step_135000_num_2,[ 0. -1.  0.  0.]
step_135000_num_3,[ 0. -1.  0.  0.]
step_135000_num_4,[-1.   -1.    0.25  0.25]
step_135500_num_0,[ 0. -1.  0.  0.]
step_135500_num_1,[0.5 0.  0.  0. ]
step_135500_num_2,[ 0. -1.  0.  0.]
step_135500_num_3,[-1.  -1.   0.5  0. ]
step_135500_num_4,[0.5 0.5 0.  0. ]
step_136000_num_0,[0.  0.5 0.  0. ]
step_136000_num_1,[0. 0. 0. 0.]
step_136000_num_2,[0.25 0.5  0.5  0.  ]
step_136000_num_3,[-1. -1.  0.  0.]
step_136000_num_4,[0.5  0.25 0.25 0.  ]
step_136500_num_0,[ 0.   -1.    0.25  0.  ]
step_136500_num_1,[ 0. -1.  0.  0.]
step_136500_num_2,[0.5  0.5  0.25 0.  ]
step_136500_num_3,[-1. -1.  0.  0.]
step_136500_num_4,[0.25 0.25 0.   0.  ]
step_137000_num_0,[0.75 0.25 0.   0.  ]
step_137000_num_1,[0.5  0.25 0.   0.  ]
step_137000_num_2,[ 0. -1.  0.  0.]
step_137000_num_3,[ 0. -1.  0.  0.]
step_137000_num_4,[ 0.   -1.    0.    0.25]
step_137500_num_0,[ 0.   -1.    0.    0.25]
step_137500_num_1,[ 0. -1.  0.  0.]
step_137500_num_2,[ 0. -1.  0.  0.]
step_137500_num_3,[ 0. -1.  0.  0.]
step_137500_num_4,[0.25 0.   0.5  0.25]
step_138000_num_0,[-1.   -1.    0.75  0.  ]
step_138000_num_1,[ 0. -1.  0.  0.]
step_138000_num_2,[0. 0. 0. 0.]
step_138000_num_3,[ 0.   -1.    0.    0.25]
step_138000_num_4,[0.25 0.25 0.25 0.  ]
step_138500_num_0,[0.25 0.5  0.25 0.  ]
step_138500_num_1,[0.5  0.25 0.   0.  ]
step_138500_num_2,[-1.  -1.   0.5  0. ]
step_138500_num_3,[-1.  -1.   0.5  0. ]
step_138500_num_4,[0.25 0.5  0.25 0.  ]
step_139000_num_0,[0.   0.   0.25 0.25]
step_139000_num_1,[ 0. -1.  0.  0.]
step_139000_num_2,[0.5 0.5 0.  0. ]
step_139000_num_3,[0.5 0.5 0.  0. ]
step_139000_num_4,[0.5  0.25 0.25 0.  ]
step_139500_num_0,[ 0.   -1.    0.    0.25]
step_139500_num_1,[ 0. -1.  0.  0.]
step_139500_num_2,[0.5  0.25 0.25 0.  ]
step_139500_num_3,[-1.  -1.   0.5  0. ]
step_139500_num_4,[0.5  0.   0.25 0.25]
step_140000_num_0,[0. 0. 0. 0.]
step_140000_num_1,[0.25 0.   0.   0.  ]
step_140000_num_2,[0.5  0.   0.25 0.  ]
step_140000_num_3,[-1. -1.  0.  0.]
step_140000_num_4,[ 0.  -1.   0.5  0. ]
step_140500_num_0,[ 0. -1.  0.  0.]
step_140500_num_1,[0.5  0.25 0.25 0.  ]
step_140500_num_2,[0. 0. 0. 0.]
step_140500_num_3,[0. 0. 0. 0.]
step_140500_num_4,[ 0. -1.  0.  0.]
step_141000_num_0,[0.5  0.5  0.25 0.  ]
step_141000_num_1,[ 0. -1.  0.  0.]
step_141000_num_2,[0.   0.75 0.   0.  ]
step_141000_num_3,[0.5  0.25 0.25 0.  ]
step_141000_num_4,[-1. -1.  0.  0.]
step_141500_num_0,[0.5  0.25 0.25 0.  ]
step_141500_num_1,[ 0.   -1.    0.    0.25]
step_141500_num_2,[ 0. -1.  0.  0.]
step_141500_num_3,[ 0.   -1.    0.    0.75]
step_141500_num_4,[ 0.25 -1.    0.75  0.  ]
step_142000_num_0,[ 0. -1.  0.  0.]
step_142000_num_1,[0.25 0.25 0.   0.  ]
step_142000_num_2,[0.75 0.5  0.25 0.  ]
step_142000_num_3,[-1. -1.  0.  0.]
step_142000_num_4,[0.75 0.25 0.   0.  ]
step_142500_num_0,[0.25 0.5  0.5  0.  ]
step_142500_num_1,[0.25 0.25 0.5  0.  ]
step_142500_num_2,[ 0. -1.  0.  0.]
step_142500_num_3,[0. 0. 0. 0.]
step_142500_num_4,[0. 0. 0. 0.]
step_143000_num_0,[0.5  0.25 0.   0.  ]
step_143000_num_1,[0.   0.   0.25 0.  ]
step_143000_num_2,[ 0. -1.  0.  0.]
step_143000_num_3,[0.5  0.   0.25 0.  ]
step_143000_num_4,[0.5  0.25 0.   0.  ]
step_143500_num_0,[0.5 0.5 0.  0. ]
step_143500_num_1,[0.25 0.   0.25 0.  ]
step_143500_num_2,[-1.   -1.    0.25  0.  ]
step_143500_num_3,[ 0.5 -1.   0.   0. ]
step_143500_num_4,[0.25 0.25 0.5  0.25]
step_144000_num_0,[0.25 0.25 0.   0.25]
step_144000_num_1,[-1.   -1.    0.25  0.25]
step_144000_num_2,[-1. -1.  0.  0.]
step_144000_num_3,[-1.   -1.    0.75  0.  ]
step_144000_num_4,[ 0. -1.  0.  0.]
step_144500_num_0,[0.5  0.25 0.25 0.  ]
step_144500_num_1,[-1.   -1.    0.25  0.  ]
step_144500_num_2,[0.   0.   0.25 0.  ]
step_144500_num_3,[0.25 0.25 0.25 0.  ]
step_144500_num_4,[0.5  0.   0.25 0.  ]
step_145000_num_0,[0.5  0.5  0.25 0.  ]
step_145000_num_1,[0.5 0.5 0.  0. ]
step_145000_num_2,[-1. -1.  0.  0.]
step_145000_num_3,[ 0. -1.  0.  0.]
step_145000_num_4,[0.  0.5 0.  0. ]
step_145500_num_0,[ 0. -1.  0.  0.]
step_145500_num_1,[0.   0.   0.   0.25]
step_145500_num_2,[ 0.   -1.    0.25  0.  ]
step_145500_num_3,[0.25 0.5  0.   0.25]
step_145500_num_4,[ 0. -1.  0.  0.]
step_146000_num_0,[-1. -1.  0.  0.]
step_146000_num_1,[ 0. -1.  0.  0.]
step_146000_num_2,[ 0. -1.  0.  0.]
step_146000_num_3,[ 0. -1.  0.  0.]
step_146000_num_4,[ 0. -1.  0.  0.]
step_146500_num_0,[0.25 0.   0.25 0.  ]
step_146500_num_1,[ 0. -1.  0.  0.]
step_146500_num_2,[ 0. -1.  0.  0.]
step_146500_num_3,[0.25 0.5  0.   0.  ]
step_146500_num_4,[0.5  0.25 0.25 0.  ]
step_147000_num_0,[0.75 0.25 0.   0.  ]
step_147000_num_1,[0.   0.   0.   0.25]
step_147000_num_2,[0.   0.5  0.25 0.25]
step_147000_num_3,[ 0. -1.  0.  0.]
step_147000_num_4,[ 0. -1.  0.  0.]
step_147500_num_0,[0.5 0.5 0.5 0. ]
step_147500_num_1,[ 0. -1.  0.  0.]
step_147500_num_2,[ 0. -1.  0.  0.]
step_147500_num_3,[ 0.   -1.    0.    0.25]
step_147500_num_4,[0. 0. 0. 0.]
step_148000_num_0,[ 0.   -1.    0.    0.25]
step_148000_num_1,[0.5  0.25 0.25 0.  ]
step_148000_num_2,[ 0.  -1.   0.   0.5]
step_148000_num_3,[-1.  -1.   0.5  0. ]
step_148000_num_4,[ 0.5 -1.   0.5  0. ]
