step_500_num_0,[ 0. -1.  0.  0.]
step_500_num_1,[ 0.5 -1.   0.5  0. ]
step_500_num_2,[ 0. -1.  0.  0.]
step_500_num_3,[0.25 0.5  0.75 0.  ]
step_500_num_4,[0.   0.5  0.25 0.25]
step_1000_num_0,[ 0.25 -1.    0.    0.  ]
step_1000_num_1,[ 0.  -1.   0.5  0. ]
step_1000_num_2,[ 0. -1.  0.  0.]
step_1000_num_3,[0. 0. 0. 0.]
step_1000_num_4,[0.25 0.5  0.   0.  ]
step_1500_num_0,[0.5 0.5 0.  0. ]
step_1500_num_1,[0. 0. 0. 0.]
step_1500_num_2,[ 0. -1.  0.  0.]
step_1500_num_3,[0.5  0.25 0.   0.25]
step_1500_num_4,[ 0. -1.  0.  0.]
step_2000_num_0,[0. 0. 0. 0.]
step_2000_num_1,[-1.  -1.   0.5  0. ]
step_2000_num_2,[0.  0.5 0.  0. ]
step_2000_num_3,[ 0.25 -1.    0.5   0.  ]
step_2000_num_4,[0.5  0.25 0.   0.  ]
step_2500_num_0,[-1.   -1.    0.25  0.  ]
step_2500_num_1,[ 0. -1.  0.  0.]
step_2500_num_2,[-1.  -1.   0.5  0. ]
step_2500_num_3,[0.   0.25 0.   0.  ]
step_2500_num_4,[ 0. -1.  0.  0.]
step_3000_num_0,[0.  0.5 0.5 0. ]
step_3000_num_1,[0.25 0.   0.   0.  ]
step_3000_num_2,[0. 0. 0. 0.]
step_3000_num_3,[ 0. -1.  0.  0.]
step_3000_num_4,[-1.   -1.    0.25  0.  ]
step_3500_num_0,[0.   0.25 0.   0.  ]
step_3500_num_1,[ 0.   -1.    0.    0.25]
step_3500_num_2,[ 0.25 -1.    0.75  0.  ]
step_3500_num_3,[0.  0.  0.5 0. ]
step_3500_num_4,[0.5  0.   0.25 0.  ]
step_4000_num_0,[ 0. -1.  0.  0.]
step_4000_num_1,[0.5  0.25 0.25 0.  ]
step_4000_num_2,[0.25 0.75 0.5  0.  ]
step_4000_num_3,[ 0.25 -1.    0.25  0.  ]
step_4000_num_4,[ 0. -1.  0.  0.]
step_4500_num_0,[-1.  -1.   0.5  0. ]
step_4500_num_1,[-1.  -1.   0.5  0. ]
step_4500_num_2,[ 0.   -1.    0.    0.25]
step_4500_num_3,[0.5  0.25 0.   0.  ]
step_4500_num_4,[0.25 0.25 0.   0.  ]
step_5000_num_0,[0.25 0.5  0.   0.25]
step_5000_num_1,[ 0.5 -1.   0.5  0. ]
step_5000_num_2,[ 0.   -1.    0.25  0.  ]
step_5000_num_3,[0.25 0.   0.25 0.  ]
step_5000_num_4,[0.  0.5 0.  0. ]
step_5500_num_0,[ 0. -1.  0.  0.]
step_5500_num_1,[0. 0. 0. 0.]
step_5500_num_2,[0.25 0.   0.   0.  ]
step_5500_num_3,[0. 0. 0. 0.]
step_5500_num_4,[0.25 0.25 0.5  0.25]
step_6000_num_0,[0.75 0.5  0.25 0.  ]
step_6000_num_1,[ 0.   -1.    0.75  0.25]
step_6000_num_2,[-1.  -1.   0.5  0. ]
step_6000_num_3,[ 0.   -1.    0.    0.25]
step_6000_num_4,[0. 0. 0. 0.]
step_6500_num_0,[0.25 0.5  0.75 0.  ]
step_6500_num_1,[-1.  -1.   0.5  0. ]
step_6500_num_2,[0.25 0.   0.   0.  ]
step_6500_num_3,[0.25 0.   0.   0.  ]
step_6500_num_4,[ 0. -1.  0.  0.]
step_7000_num_0,[0.5  0.5  0.25 0.  ]
step_7000_num_1,[0.   0.   0.25 0.  ]
step_7000_num_2,[ 0. -1.  0.  0.]
step_7000_num_3,[0.25 0.   0.25 0.  ]
step_7000_num_4,[ 0.   -1.    0.    0.25]
step_7500_num_0,[-1.   -1.    0.25  0.  ]
step_7500_num_1,[ 0. -1.  0.  0.]
step_7500_num_2,[0.25 0.5  0.75 0.  ]
step_7500_num_3,[0.25 0.5  0.25 0.  ]
step_7500_num_4,[ 0.  -1.   0.5  0. ]
step_8000_num_0,[0.  0.5 0.5 0. ]
step_8000_num_1,[ 0. -1.  0.  0.]
step_8000_num_2,[ 0.5 -1.   0.   0. ]
step_8000_num_3,[ 0. -1.  0.  0.]
step_8000_num_4,[0.   0.   0.25 0.  ]
step_8500_num_0,[ 0.  -1.   0.5  0. ]
step_8500_num_1,[-1.  -1.   0.5  0. ]
step_8500_num_2,[0.75 0.25 0.   0.25]
step_8500_num_3,[ 0.   -1.    0.    0.25]
step_8500_num_4,[1.  0.5 0.  0. ]
step_9000_num_0,[ 0. -1.  0.  0.]
step_9000_num_1,[0.25 0.5  0.   0.25]
step_9000_num_2,[0.25 0.   0.   0.  ]
step_9000_num_3,[0.5 0.  0.  0. ]
step_9000_num_4,[ 0. -1.  0.  0.]
step_9500_num_0,[0.  0.  0.5 0. ]
step_9500_num_1,[-1. -1.  0.  0.]
step_9500_num_2,[0.25 0.5  0.25 0.  ]
step_9500_num_3,[ 0. -1.  0.  0.]
step_9500_num_4,[0.5  0.5  0.25 0.  ]
step_10000_num_0,[0.25 0.25 0.25 0.  ]
step_10000_num_1,[0.5 0.5 0.  0. ]
step_10000_num_2,[ 0. -1.  0.  0.]
step_10000_num_3,[ 0. -1.  0.  0.]
step_10000_num_4,[ 0. -1.  0.  0.]
step_10500_num_0,[ 0. -1.  0.  0.]
step_10500_num_1,[ 0.   -1.    0.    0.25]
step_10500_num_2,[0.5  0.5  0.25 0.  ]
step_10500_num_3,[0.75 0.5  0.25 0.  ]
step_10500_num_4,[0.5  0.   0.25 0.  ]
step_11000_num_0,[ 0. -1.  0.  0.]
step_11000_num_1,[-1.   -1.    0.25  0.  ]
step_11000_num_2,[-1.  -1.   0.5  0. ]
step_11000_num_3,[0.  0.5 0.  0. ]
step_11000_num_4,[ 0. -1.  0.  0.]
step_11500_num_0,[ 0.   -1.    0.    0.25]
step_11500_num_1,[ 0. -1.  0.  0.]
step_11500_num_2,[ 0. -1.  0.  0.]
step_11500_num_3,[0.   0.25 0.   0.  ]
step_11500_num_4,[ 0.   -1.    0.    0.25]
step_12000_num_0,[0.25 0.75 0.   0.  ]
step_12000_num_1,[-1.  -1.   0.5  0. ]
step_12000_num_2,[ 0. -1.  0.  0.]
step_12000_num_3,[ 0.  -1.   0.5  0. ]
step_12000_num_4,[ 0.   -1.    0.    0.25]
step_12500_num_0,[ 0. -1.  0.  0.]
step_12500_num_1,[0.25 0.5  0.5  0.  ]
step_12500_num_2,[0.75 0.25 0.   0.25]
step_12500_num_3,[ 0. -1.  0.  0.]
step_12500_num_4,[0.5  0.25 0.5  0.  ]
step_13000_num_0,[0.  0.5 0.5 0. ]
step_13000_num_1,[0.75 0.5  0.   0.  ]
step_13000_num_2,[ 0. -1.  0.  0.]
step_13000_num_3,[0.25 0.25 0.5  0.  ]
step_13000_num_4,[ 0. -1.  0.  0.]
step_13500_num_0,[ 0.  -1.   0.5  0. ]
step_13500_num_1,[-1.   -1.    0.75  0.  ]
step_13500_num_2,[0.25 0.5  0.   0.  ]
step_13500_num_3,[0.25 0.   0.25 0.  ]
step_13500_num_4,[0.  0.5 0.  0. ]
step_14000_num_0,[ 0. -1.  0.  0.]
step_14000_num_1,[0.75 0.5  0.   0.  ]
step_14000_num_2,[0. 0. 0. 0.]
step_14000_num_3,[-1. -1.  0.  0.]
step_14000_num_4,[-1. -1.  0.  0.]
step_14500_num_0,[0.75 0.25 0.   0.  ]
step_14500_num_1,[ 0. -1.  0.  0.]
step_14500_num_2,[0.75 0.   0.   0.  ]
step_14500_num_3,[0.5  0.   0.25 0.  ]
step_14500_num_4,[0.25 0.5  0.5  0.  ]
step_15000_num_0,[0.5  0.25 0.25 0.  ]
step_15000_num_1,[ 0. -1.  0.  0.]
step_15000_num_2,[ 0. -1.  0.  0.]
step_15000_num_3,[-1. -1.  0.  0.]
step_15000_num_4,[ 0. -1.  0.  0.]
step_15500_num_0,[ 0.25 -1.    0.5   0.  ]
step_15500_num_1,[ 0. -1.  0.  0.]
step_15500_num_2,[ 0. -1.  0.  0.]
step_15500_num_3,[0. 0. 0. 0.]
step_15500_num_4,[ 0. -1.  0.  0.]
step_16000_num_0,[-1. -1.  0.  0.]
step_16000_num_1,[ 0.25 -1.    0.    0.25]
step_16000_num_2,[ 0.  -1.   0.5  0. ]
step_16000_num_3,[0.25 0.   0.   0.  ]
step_16000_num_4,[0.25 0.5  0.   0.25]
step_16500_num_0,[0.  0.5 0.  0. ]
step_16500_num_1,[0.25 0.   0.25 0.  ]
step_16500_num_2,[0.25 0.   0.   0.  ]
step_16500_num_3,[ 0. -1.  0.  0.]
step_16500_num_4,[ 0.   -1.    0.    0.25]
step_17000_num_0,[0.5 0.  0.  0. ]
step_17000_num_1,[ 0. -1.  0.  0.]
step_17000_num_2,[ 0. -1.  0.  0.]
step_17000_num_3,[0.   0.75 0.   0.  ]
step_17000_num_4,[0. 0. 0. 0.]
step_17500_num_0,[0.5  0.5  0.25 0.  ]
step_17500_num_1,[0.25 0.   0.25 0.  ]
step_17500_num_2,[0.5  0.   0.25 0.  ]
step_17500_num_3,[0.25 0.25 0.25 0.  ]
step_17500_num_4,[ 0. -1.  0.  0.]
step_18000_num_0,[ 0. -1.  0.  0.]
step_18000_num_1,[0.25 0.   0.25 0.  ]
step_18000_num_2,[ 0. -1.  0.  0.]
step_18000_num_3,[0.   0.   0.25 0.25]
step_18000_num_4,[-1. -1.  0.  0.]
step_18500_num_0,[ 0. -1.  0.  0.]
step_18500_num_1,[ 0.5 -1.   0.   0. ]
step_18500_num_2,[0.25 0.   0.   0.  ]
step_18500_num_3,[ 0.   -1.    0.75  0.  ]
step_18500_num_4,[0.5  0.25 0.5  0.  ]
step_19000_num_0,[ 0. -1.  0.  0.]
step_19000_num_1,[ 0. -1.  0.  0.]
step_19000_num_2,[0.5  0.5  0.25 0.  ]
step_19000_num_3,[ 0. -1.  0.  0.]
step_19000_num_4,[0.5 0.  0.  0. ]
step_19500_num_0,[0.5  0.25 0.   0.  ]
step_19500_num_1,[ 0. -1.  0.  0.]
step_19500_num_2,[0. 0. 0. 0.]
step_19500_num_3,[ 0. -1.  0.  0.]
step_19500_num_4,[0.25 0.75 0.5  0.25]
step_20000_num_0,[ 0. -1.  0.  0.]
step_20000_num_1,[0.5  0.25 0.   0.  ]
step_20000_num_2,[-1.   -1.    0.25  0.  ]
step_20000_num_3,[0.   0.   0.25 0.  ]
step_20000_num_4,[-1.  -1.   0.5  0. ]
step_20500_num_0,[ 0. -1.  0.  0.]
step_20500_num_1,[0.25 0.   0.   0.  ]
step_20500_num_2,[0.25 0.25 0.   0.  ]
step_20500_num_3,[0.25 0.   0.25 0.  ]
step_20500_num_4,[0.5  0.25 0.25 0.  ]
step_21000_num_0,[-1.   -1.    0.25  0.  ]
step_21000_num_1,[ 0. -1.  0.  0.]
step_21000_num_2,[ 0.   -1.    0.    0.25]
step_21000_num_3,[ 0. -1.  0.  0.]
step_21000_num_4,[0.25 0.5  0.5  0.  ]
step_21500_num_0,[0.5  0.5  0.25 0.25]
step_21500_num_1,[ 0. -1.  0.  0.]
step_21500_num_2,[ 0. -1.  0.  0.]
step_21500_num_3,[ 0. -1.  0.  0.]
step_21500_num_4,[0.25 0.25 0.5  0.  ]
step_22000_num_0,[0.25 0.25 0.25 0.  ]
step_22000_num_1,[0.5  0.75 0.25 0.  ]
step_22000_num_2,[0.   0.25 0.25 0.  ]
step_22000_num_3,[ 0. -1.  0.  0.]
step_22000_num_4,[ 0. -1.  0.  0.]
step_22500_num_0,[ 0. -1.  0.  0.]
step_22500_num_1,[0.25 0.25 0.   0.  ]
step_22500_num_2,[0.5  0.25 0.25 0.  ]
step_22500_num_3,[0. 0. 0. 0.]
step_22500_num_4,[0.   0.   0.25 0.  ]
step_23000_num_0,[ 0.   -1.    0.    0.25]
step_23000_num_1,[0.25 0.   0.   0.  ]
step_23000_num_2,[ 0.   -1.    0.    0.25]
step_23000_num_3,[0.   0.25 0.25 0.  ]
step_23000_num_4,[ 0.5  -1.    0.25  0.  ]
step_23500_num_0,[0.75 0.5  0.   0.  ]
step_23500_num_1,[0.5 0.5 0.  0. ]
step_23500_num_2,[0. 0. 0. 0.]
step_23500_num_3,[ 0.   -1.    0.25  0.25]
step_23500_num_4,[ 0.  -1.   0.5  0. ]
step_24000_num_0,[0. 0. 0. 0.]
step_24000_num_1,[-1.  -1.   0.5  0. ]
step_24000_num_2,[0. 0. 0. 0.]
step_24000_num_3,[ 0.5 -1.   0.   0. ]
step_24000_num_4,[0.5  0.   0.25 0.  ]
step_24500_num_0,[0. 0. 0. 0.]
step_24500_num_1,[0.   0.25 0.25 0.  ]
step_24500_num_2,[ 0. -1.  0.  0.]
step_24500_num_3,[ 0. -1.  0.  0.]
step_24500_num_4,[-1.   -1.    0.25  0.  ]
step_25000_num_0,[ 0.   -1.    0.75  0.  ]
step_25000_num_1,[-1.   -1.    0.25  0.  ]
step_25000_num_2,[-1.   -1.    0.25  0.  ]
step_25000_num_3,[0.25 0.5  0.75 0.  ]
step_25000_num_4,[ 0.   -1.    0.25  0.  ]
step_25500_num_0,[ 0.25 -1.    0.5   0.  ]
step_25500_num_1,[ 0. -1.  0.  0.]
step_25500_num_2,[0.5  0.   0.25 0.  ]
step_25500_num_3,[ 0. -1.  0.  0.]
step_25500_num_4,[ 0.  -1.   0.   0.5]
step_26000_num_0,[0.5  0.25 0.   0.  ]
step_26000_num_1,[0.25 0.   0.25 0.  ]
step_26000_num_2,[ 0. -1.  0.  0.]
step_26000_num_3,[0.25 0.25 0.   0.  ]
step_26000_num_4,[-1.  -1.   0.5  0. ]
step_26500_num_0,[ 0. -1.  0.  0.]
step_26500_num_1,[ 0. -1.  0.  0.]
step_26500_num_2,[ 0. -1.  0.  0.]
step_26500_num_3,[-1.  -1.   0.5  0. ]
step_26500_num_4,[ 0. -1.  0.  0.]
step_27000_num_0,[0.25 0.25 0.   0.  ]
step_27000_num_1,[0.25 0.5  0.5  0.  ]
step_27000_num_2,[0.5  0.25 0.25 0.  ]
step_27000_num_3,[ 0.25 -1.    0.    0.  ]
step_27000_num_4,[ 0. -1.  0.  0.]
step_27500_num_0,[-1. -1.  0.  0.]
step_27500_num_1,[ 0. -1.  0.  0.]
step_27500_num_2,[-1. -1.  0.  0.]
step_27500_num_3,[0.25 0.   0.   0.  ]
step_27500_num_4,[ 0. -1.  0.  0.]
step_28000_num_0,[0.5  0.5  0.25 0.  ]
step_28000_num_1,[ 0.   -1.    0.25  0.  ]
step_28000_num_2,[0.75 0.25 0.   0.  ]
step_28000_num_3,[ 0. -1.  0.  0.]
step_28000_num_4,[ 0.  -1.   0.5  0. ]
step_28500_num_0,[ 0. -1.  0.  0.]
step_28500_num_1,[0.5  0.25 0.25 0.  ]
step_28500_num_2,[ 0.   -1.    0.25  0.  ]
step_28500_num_3,[0.   0.   0.25 0.  ]
step_28500_num_4,[ 0. -1.  0.  0.]
step_29000_num_0,[ 0. -1.  0.  0.]
step_29000_num_1,[0.25 0.   0.   0.  ]
step_29000_num_2,[0.5  0.25 0.   0.  ]
step_29000_num_3,[-1.   -1.    0.25  0.  ]
step_29000_num_4,[-1.   -1.    0.25  0.  ]
step_29500_num_0,[ 0. -1.  0.  0.]
step_29500_num_1,[-1.  -1.   0.5  0. ]
step_29500_num_2,[ 0.   -1.    0.5   0.25]
step_29500_num_3,[ 0. -1.  0.  0.]
step_29500_num_4,[0.25 0.75 0.5  0.25]
step_30000_num_0,[0. 0. 0. 0.]
step_30000_num_1,[0.25 0.   0.   0.  ]
step_30000_num_2,[0.75 0.5  0.25 0.  ]
step_30000_num_3,[ 0. -1.  0.  0.]
step_30000_num_4,[0.25 0.5  0.25 0.  ]
step_30500_num_0,[ 0.  -1.   0.   0.5]
step_30500_num_1,[0.   0.   0.25 0.  ]
step_30500_num_2,[-1. -1.  0.  0.]
step_30500_num_3,[ 0. -1.  0.  0.]
step_30500_num_4,[0.25 0.   0.   0.  ]
step_31000_num_0,[0.   0.25 0.   0.  ]
step_31000_num_1,[0.5 0.  0.  0. ]
step_31000_num_2,[0.25 0.   0.   0.  ]
step_31000_num_3,[ 0.   -1.    0.75  0.  ]
step_31000_num_4,[0. 0. 0. 0.]
step_31500_num_0,[ 0. -1.  0.  0.]
step_31500_num_1,[0.5 0.5 0.  0. ]
step_31500_num_2,[0.25 0.25 0.25 0.25]
step_31500_num_3,[0.5  0.25 0.25 0.  ]
step_31500_num_4,[0.25 0.25 0.25 0.  ]
step_32000_num_0,[0.25 0.25 0.   0.  ]
step_32000_num_1,[ 0. -1.  0.  0.]
step_32000_num_2,[-1.  -1.   0.5  0. ]
step_32000_num_3,[0.5  0.25 0.25 0.  ]
step_32000_num_4,[0.25 0.25 0.   0.25]
step_32500_num_0,[0.25 0.   0.   0.  ]
step_32500_num_1,[ 0. -1.  0.  0.]
step_32500_num_2,[-1.  -1.   0.5  0. ]
step_32500_num_3,[ 0.   -1.    0.25  0.  ]
step_32500_num_4,[ 0. -1.  0.  0.]
step_33000_num_0,[-1. -1.  0.  0.]
step_33000_num_1,[-1.   -1.    0.25  0.  ]
step_33000_num_2,[0.25 0.   0.   0.  ]
step_33000_num_3,[0.5  0.   0.25 0.  ]
step_33000_num_4,[0.5  0.5  0.25 0.  ]
step_33500_num_0,[0.5  0.75 0.25 0.  ]
step_33500_num_1,[ 0. -1.  0.  0.]
step_33500_num_2,[0.5  0.25 0.25 0.  ]
step_33500_num_3,[-1.   -1.    0.25  0.  ]
step_33500_num_4,[0.25 0.   0.   0.  ]
step_34000_num_0,[-1.   -1.    0.75  0.  ]
step_34000_num_1,[-1. -1.  0.  0.]
step_34000_num_2,[0. 0. 0. 0.]
step_34000_num_3,[ 0.5 -1.   0.5  0. ]
step_34000_num_4,[ 0.  -1.   0.5  0. ]
step_34500_num_0,[ 0. -1.  0.  0.]
step_34500_num_1,[0.5  0.25 0.   0.  ]
step_34500_num_2,[0. 0. 0. 0.]
step_34500_num_3,[0. 0. 0. 0.]
step_34500_num_4,[ 0. -1.  0.  0.]
step_35000_num_0,[0.25 0.   0.25 0.  ]
step_35000_num_1,[ 0. -1.  0.  0.]
step_35000_num_2,[0.25 0.25 0.   0.  ]
step_35000_num_3,[0.25 0.5  0.   0.25]
step_35000_num_4,[ 0. -1.  0.  0.]
step_35500_num_0,[ 0. -1.  0.  0.]
step_35500_num_1,[0.25 0.   0.   0.  ]
step_35500_num_2,[ 0. -1.  0.  0.]
step_35500_num_3,[ 0. -1.  0.  0.]
step_35500_num_4,[ 0. -1.  0.  0.]
step_36000_num_0,[ 0.   -1.    0.25  0.  ]
step_36000_num_1,[ 0. -1.  0.  0.]
step_36000_num_2,[0.  0.5 0.  0. ]
step_36000_num_3,[ 0. -1.  0.  0.]
step_36000_num_4,[ 0. -1.  0.  0.]
step_36500_num_0,[-1.   -1.    0.25  0.  ]
step_36500_num_1,[ 0. -1.  0.  0.]
step_36500_num_2,[0.25 0.25 0.25 0.25]
step_36500_num_3,[ 0. -1.  0.  0.]
step_36500_num_4,[ 0. -1.  0.  0.]
step_37000_num_0,[ 0. -1.  0.  0.]
step_37000_num_1,[0.25 0.25 0.5  0.  ]
step_37000_num_2,[0.5 0.5 0.  0. ]
step_37000_num_3,[1.  0.5 0.  0. ]
step_37000_num_4,[0.75 0.25 0.   0.  ]
step_37500_num_0,[ 0. -1.  0.  0.]
step_37500_num_1,[ 0. -1.  0.  0.]
step_37500_num_2,[0.5  0.25 0.   0.  ]
step_37500_num_3,[-1. -1.  0.  0.]
step_37500_num_4,[ 0. -1.  0.  0.]
step_38000_num_0,[0.  0.5 0.  0. ]
step_38000_num_1,[ 0.   -1.    0.25  0.  ]
step_38000_num_2,[0.75 0.   0.   0.  ]
step_38000_num_3,[0.25 0.5  0.25 0.  ]
step_38000_num_4,[ 0.   -1.    0.5   0.25]
step_38500_num_0,[0.  0.5 0.  0. ]
step_38500_num_1,[0.5 0.5 0.  0. ]
step_38500_num_2,[0.5 0.  0.  0. ]
step_38500_num_3,[0. 0. 0. 0.]
step_38500_num_4,[0.25 0.5  0.5  0.  ]
step_39000_num_0,[ 0.   -1.    0.5   0.25]
step_39000_num_1,[ 0.   -1.    0.    0.25]
step_39000_num_2,[ 0. -1.  0.  0.]
step_39000_num_3,[0.5  0.25 0.25 0.  ]
step_39000_num_4,[0.5  0.25 0.5  0.  ]
step_39500_num_0,[ 0. -1.  0.  0.]
step_39500_num_1,[0.25 0.   0.   0.  ]
step_39500_num_2,[0.25 0.25 0.   0.  ]
step_39500_num_3,[ 0.   -1.    0.75  0.  ]
step_39500_num_4,[0.75 0.25 0.   0.  ]
step_40000_num_0,[0.25 0.   0.5  0.  ]
step_40000_num_1,[-1. -1.  0.  0.]
step_40000_num_2,[0.  0.5 0.  0. ]
step_40000_num_3,[0.25 0.5  0.75 0.  ]
step_40000_num_4,[-1.   -1.    0.75  0.  ]
step_40500_num_0,[0.25 0.75 0.   0.  ]
step_40500_num_1,[ 0.5 -1.   0.5  0. ]
step_40500_num_2,[0.5  0.25 0.   0.  ]
step_40500_num_3,[0.  0.  0.5 0. ]
step_40500_num_4,[-1.   -1.    0.25  0.  ]
step_41000_num_0,[ 0. -1.  0.  0.]
step_41000_num_1,[ 0.   -1.    0.25  0.  ]
step_41000_num_2,[0.  0.5 0.  0. ]
step_41000_num_3,[-1.   -1.    0.25  0.  ]
step_41000_num_4,[0.25 0.25 0.25 0.  ]
step_41500_num_0,[0.25 0.25 0.   0.  ]
step_41500_num_1,[ 0. -1.  0.  0.]
step_41500_num_2,[0.25 0.   0.5  0.  ]
step_41500_num_3,[ 0.   -1.    0.5   0.25]
step_41500_num_4,[0.75 0.25 0.   0.  ]
step_42000_num_0,[0.5 0.5 0.  0. ]
step_42000_num_1,[0.5  0.5  0.25 0.  ]
step_42000_num_2,[ 0. -1.  0.  0.]
step_42000_num_3,[0.  0.5 0.  0. ]
step_42000_num_4,[ 0. -1.  0.  0.]
step_42500_num_0,[ 0. -1.  0.  0.]
step_42500_num_1,[0.75 0.5  0.25 0.  ]
step_42500_num_2,[ 0. -1.  0.  0.]
step_42500_num_3,[ 0.   -1.    0.    0.25]
step_42500_num_4,[-1.  -1.   0.5  0. ]
step_43000_num_0,[ 0. -1.  0.  0.]
step_43000_num_1,[ 0. -1.  0.  0.]
step_43000_num_2,[-1.   -1.    0.25  0.25]
step_43000_num_3,[ 0.25 -1.    0.5   0.  ]
step_43000_num_4,[0.25 0.5  0.25 0.  ]
step_43500_num_0,[ 0. -1.  0.  0.]
step_43500_num_1,[-1.   -1.    0.75  0.  ]
step_43500_num_2,[0.   0.25 0.25 0.  ]
step_43500_num_3,[-1.  -1.   0.5  0. ]
step_43500_num_4,[ 0. -1.  0.  0.]
step_44000_num_0,[ 0. -1.  0.  0.]
step_44000_num_1,[ 0. -1.  0.  0.]
step_44000_num_2,[0.5 0.  0.  0. ]
step_44000_num_3,[ 0. -1.  0.  0.]
step_44000_num_4,[0. 0. 0. 0.]
step_44500_num_0,[ 0.   -1.    0.25  0.25]
step_44500_num_1,[ 0. -1.  0.  0.]
step_44500_num_2,[ 0.   -1.    0.75  0.25]
step_44500_num_3,[ 0. -1.  0.  0.]
step_44500_num_4,[-1. -1.  0.  0.]
step_45000_num_0,[0.25 0.25 0.   0.  ]
step_45000_num_1,[ 0.   -1.    0.25  0.  ]
step_45000_num_2,[ 0. -1.  0.  0.]
step_45000_num_3,[0.75 0.25 0.   0.  ]
step_45000_num_4,[0. 0. 0. 0.]
step_45500_num_0,[ 0.   -1.    0.    0.75]
step_45500_num_1,[0.25 0.   0.   0.  ]
step_45500_num_2,[-1. -1.  0.  0.]
step_45500_num_3,[0.25 0.25 0.   0.25]
step_45500_num_4,[0.  0.5 0.  0. ]
step_46000_num_0,[0.25 0.   0.25 0.  ]
step_46000_num_1,[0.25 0.5  0.25 0.  ]
step_46000_num_2,[ 0. -1.  0.  0.]
step_46000_num_3,[0.25 0.   0.75 0.  ]
step_46000_num_4,[ 0. -1.  0.  0.]
step_46500_num_0,[ 0. -1.  0.  0.]
step_46500_num_1,[-1. -1.  0.  0.]
step_46500_num_2,[ 0. -1.  0.  0.]
step_46500_num_3,[ 0. -1.  0.  0.]
step_46500_num_4,[0.5 0.  0.  0. ]
step_47000_num_0,[0.   0.25 0.   0.  ]
step_47000_num_1,[ 0. -1.  0.  0.]
step_47000_num_2,[0.25 0.25 0.25 0.  ]
step_47000_num_3,[-1.   -1.    0.25  0.25]
step_47000_num_4,[0.5  0.   0.25 0.  ]
step_47500_num_0,[ 0. -1.  0.  0.]
step_47500_num_1,[ 0.5 -1.   0.   0. ]
step_47500_num_2,[-1. -1.  0.  0.]
step_47500_num_3,[0.   0.   0.25 0.  ]
step_47500_num_4,[ 0.25 -1.    0.75  0.  ]
step_48000_num_0,[0.75 0.5  0.25 0.  ]
step_48000_num_1,[ 0. -1.  0.  0.]
step_48000_num_2,[ 0.   -1.    0.    0.25]
step_48000_num_3,[ 0. -1.  0.  0.]
step_48000_num_4,[ 0.   -1.    0.25  0.  ]
step_48500_num_0,[0.5 0.5 0.  0. ]
step_48500_num_1,[0.25 0.   0.25 0.  ]
step_48500_num_2,[0.25 0.5  0.5  0.  ]
step_48500_num_3,[0.25 0.25 0.   0.  ]
step_48500_num_4,[ 0.  -1.   0.5  0. ]
step_49000_num_0,[-1.   -1.    0.25  0.  ]
step_49000_num_1,[0.25 0.25 0.5  0.  ]
step_49000_num_2,[ 0. -1.  0.  0.]
step_49000_num_3,[0.25 0.   0.   0.  ]
step_49000_num_4,[-1.  -1.   0.5  0. ]
step_49500_num_0,[ 0. -1.  0.  0.]
step_49500_num_1,[0.5 0.5 0.  0. ]
step_49500_num_2,[0.25 0.25 0.   0.  ]
step_49500_num_3,[0.5  0.5  0.25 0.  ]
step_49500_num_4,[-1.  -1.   0.5  0. ]
step_50000_num_0,[ 0. -1.  0.  0.]
step_50000_num_1,[ 0.   -1.    0.    0.25]
step_50000_num_2,[ 0. -1.  0.  0.]
step_50000_num_3,[-1.  -1.   0.5  0. ]
step_50000_num_4,[-1. -1.  0.  0.]
step_50500_num_0,[ 0. -1.  0.  0.]
step_50500_num_1,[ 0. -1.  0.  0.]
step_50500_num_2,[0.5 0.5 0.  0. ]
step_50500_num_3,[-1.  -1.   0.5  0. ]
step_50500_num_4,[0.75 0.25 0.   0.  ]
step_51000_num_0,[-1.   -1.    0.25  0.  ]
step_51000_num_1,[ 0.   -1.    0.    0.25]
step_51000_num_2,[ 0. -1.  0.  0.]
step_51000_num_3,[0.25 0.   0.   0.  ]
step_51000_num_4,[-1.   -1.    0.25  0.  ]
step_51500_num_0,[ 0.5 -1.   0.   0. ]
step_51500_num_1,[-1. -1.  0.  0.]
step_51500_num_2,[-1. -1.  0.  0.]
step_51500_num_3,[-1. -1.  0.  0.]
step_51500_num_4,[-1.   -1.    0.25  0.  ]
step_52000_num_0,[ 0. -1.  0.  0.]
step_52000_num_1,[0.75 0.   0.   0.  ]
step_52000_num_2,[ 0.   -1.    0.75  0.25]
step_52000_num_3,[ 0. -1.  0.  0.]
step_52000_num_4,[ 0. -1.  0.  0.]
step_52500_num_0,[0.   0.75 0.25 0.  ]
step_52500_num_1,[ 0. -1.  0.  0.]
step_52500_num_2,[-1. -1.  0.  0.]
step_52500_num_3,[0.5 0.  0.  0. ]
step_52500_num_4,[0. 0. 0. 0.]
step_53000_num_0,[0.75 0.   0.25 0.  ]
step_53000_num_1,[ 0.   -1.    0.25  0.  ]
step_53000_num_2,[ 0.   -1.    0.75  0.  ]
step_53000_num_3,[ 0.25 -1.    0.75  0.  ]
step_53000_num_4,[ 0. -1.  0.  0.]
step_53500_num_0,[ 0. -1.  0.  0.]
step_53500_num_1,[0.5  0.5  0.25 0.  ]
step_53500_num_2,[ 0. -1.  0.  0.]
step_53500_num_3,[-1.  -1.   0.5  0. ]
step_53500_num_4,[0.5 0.  0.  0. ]
step_54000_num_0,[-1.   -1.    0.25  0.  ]
step_54000_num_1,[ 0.  -1.   0.   0.5]
step_54000_num_2,[0.25 0.5  0.   0.  ]
step_54000_num_3,[0.5 0.5 0.  0. ]
step_54000_num_4,[-1.   -1.    0.25  0.  ]
step_54500_num_0,[ 0. -1.  0.  0.]
step_54500_num_1,[ 0. -1.  0.  0.]
step_54500_num_2,[0.5  0.   0.25 0.  ]
step_54500_num_3,[0.75 0.5  0.   0.  ]
step_54500_num_4,[0.  0.5 0.  0. ]
step_55000_num_0,[ 0. -1.  0.  0.]
step_55000_num_1,[ 0. -1.  0.  0.]
step_55000_num_2,[-1.   -1.    0.25  0.  ]
step_55000_num_3,[0.   0.   0.25 0.25]
step_55000_num_4,[0.5  0.25 0.25 0.  ]
step_55500_num_0,[0.5  0.25 0.   0.25]
step_55500_num_1,[-1.  -1.   0.5  0. ]
step_55500_num_2,[0.5  0.   0.25 0.  ]
step_55500_num_3,[0.25 0.25 0.25 0.  ]
step_55500_num_4,[ 0. -1.  0.  0.]
step_56000_num_0,[ 0. -1.  0.  0.]
step_56000_num_1,[ 0. -1.  0.  0.]
step_56000_num_2,[ 0. -1.  0.  0.]
step_56000_num_3,[ 0. -1.  0.  0.]
step_56000_num_4,[-1. -1.  0.  0.]
step_56500_num_0,[0.5  0.5  0.25 0.  ]
step_56500_num_1,[0.25 0.   0.5  0.  ]
step_56500_num_2,[ 0. -1.  0.  0.]
step_56500_num_3,[-1.   -1.    0.25  0.  ]
step_56500_num_4,[0.75 0.25 0.   0.  ]
step_57000_num_0,[-1.   -1.    0.25  0.  ]
step_57000_num_1,[0.75 0.5  0.25 0.  ]
step_57000_num_2,[0.5  0.25 0.25 0.  ]
step_57000_num_3,[ 0. -1.  0.  0.]
step_57000_num_4,[ 0. -1.  0.  0.]
step_57500_num_0,[0. 0. 0. 0.]
step_57500_num_1,[0.5  0.   0.25 0.  ]
step_57500_num_2,[ 0. -1.  0.  0.]
step_57500_num_3,[ 0. -1.  0.  0.]
step_57500_num_4,[-1.  -1.   0.5  0. ]
step_58000_num_0,[ 0. -1.  0.  0.]
step_58000_num_1,[ 0. -1.  0.  0.]
step_58000_num_2,[ 0. -1.  0.  0.]
step_58000_num_3,[-1.  -1.   0.5  0. ]
step_58000_num_4,[ 0. -1.  0.  0.]
step_58500_num_0,[ 0. -1.  0.  0.]
step_58500_num_1,[ 0. -1.  0.  0.]
step_58500_num_2,[0.   0.   0.25 0.  ]
step_58500_num_3,[0.25 0.5  0.5  0.  ]
step_58500_num_4,[0.5 0.5 0.5 0. ]
step_59000_num_0,[0.5  0.25 0.5  0.  ]
step_59000_num_1,[0.5  0.25 0.   0.  ]
step_59000_num_2,[ 0.25 -1.    0.5   0.  ]
step_59000_num_3,[ 0. -1.  0.  0.]
step_59000_num_4,[0.25 0.5  0.25 0.  ]
step_59500_num_0,[ 0.  -1.   0.5  0. ]
step_59500_num_1,[-1.   -1.    0.25  0.25]
step_59500_num_2,[ 0. -1.  0.  0.]
step_59500_num_3,[0.5  0.25 0.25 0.  ]
step_59500_num_4,[0.25 0.   0.75 0.  ]
step_60000_num_0,[ 0. -1.  0.  0.]
step_60000_num_1,[0.25 0.25 0.   0.  ]
step_60000_num_2,[ 0. -1.  0.  0.]
step_60000_num_3,[ 0. -1.  0.  0.]
step_60000_num_4,[ 0. -1.  0.  0.]
step_60500_num_0,[0.75 0.   0.   0.  ]
step_60500_num_1,[ 0. -1.  0.  0.]
step_60500_num_2,[-1.  -1.   0.5  0. ]
step_60500_num_3,[ 0.   -1.    0.25  0.  ]
step_60500_num_4,[0.5  0.   0.25 0.25]
step_61000_num_0,[ 0. -1.  0.  0.]
step_61000_num_1,[ 0. -1.  0.  0.]
step_61000_num_2,[0.5  0.25 0.   0.  ]
step_61000_num_3,[ 0. -1.  0.  0.]
step_61000_num_4,[ 0.  -1.   0.5  0. ]
step_61500_num_0,[ 0. -1.  0.  0.]
step_61500_num_1,[ 0. -1.  0.  0.]
step_61500_num_2,[ 0. -1.  0.  0.]
step_61500_num_3,[ 0. -1.  0.  0.]
step_61500_num_4,[0.5  0.75 0.25 0.  ]
step_62000_num_0,[0. 0. 0. 0.]
step_62000_num_1,[ 0. -1.  0.  0.]
step_62000_num_2,[0.25 0.   0.   0.  ]
step_62000_num_3,[0.25 0.5  0.5  0.  ]
step_62000_num_4,[ 0. -1.  0.  0.]
step_62500_num_0,[ 0.25 -1.    0.    0.25]
step_62500_num_1,[-1.   -1.    0.25  0.  ]
step_62500_num_2,[ 0. -1.  0.  0.]
step_62500_num_3,[0.5 0.5 0.  0. ]
step_62500_num_4,[0.25 0.   0.   0.  ]
step_63000_num_0,[0.   0.75 0.   0.  ]
step_63000_num_1,[0.   0.25 0.   0.  ]
step_63000_num_2,[ 0. -1.  0.  0.]
step_63000_num_3,[ 0. -1.  0.  0.]
step_63000_num_4,[0.75 0.25 0.   0.  ]
